30	10
30	13
30	14
30	18
34	8
34	9
34	10
34	13
34	15
34	18
36	10
36	12
36	17
36	18
40	18
41	18
43	18
45	18
48	18
52	18
59	18
60	18
61	18
63	18
64	18
65	18
67	18
69	18
70	18
71	18
72	18
74	18
75	8
75	9
75	10
75	12
75	14
75	17
75	18
77	18
83	13
83	18
85	18
87	18
88	18
90	17
96	18
97	18
100	13
100	15
100	17
100	18
101	10
101	13
101	15
101	17
101	18
102	10
102	13
102	15
102	18
107	7
112	6
115	6
116	6
118	6
119	6
120	6
121	6
122	6
123	6
124	6
128	18
130	18
131	18
132	18
133	18
134	18
135	18
137	18
138	18
139	18
140	18
143	13
161	13
161	18
164	13
177	18
178	13
181	18
182	18
183	12
183	18
185	12
185	18
187	18
190	12
190	13
190	14
190	18
200	18
203	13
204	18
237	18
239	8
239	9
239	13
239	14
239	18
240	18
249	12
249	13
249	18
254	18
258	10
259	10
259	18
268	6
269	6
270	6
271	6
272	6
273	6
278	18
282	18
286	18
287	18
288	18
290	18
294	18
295	10
295	13
295	14
295	18
297	18
302	10
302	12
302	17
302	18
303	18
307	13
307	18
308	8
308	9
308	10
308	12
308	13
308	14
308	17
308	18
311	18
312	18
313	18
318	17
319	6
320	13
326	18
327	18
332	18
340	18
342	18
344	18
345	18
346	18
347	18
349	13
351	18
352	18
374	18
375	18
376	18
377	18
385	18
386	13
387	13
402	18
403	18
404	18
405	18
406	18
407	18
408	18
409	18
417	18
430	18
459	13
517	18
518	13
524	18
525	18
537	18
538	18
539	18
540	18
541	18
542	18
543	18
546	18
547	18
548	18
549	18
553	18
554	18
555	18
558	18
559	18
560	18
570	8
570	9
570	12
570	13
570	17
570	18
571	15
595	18
596	18
598	13
604	13
604	18
608	13
616	13
628	13
628	18
629	18
646	18
662	10
662	12
662	17
662	18
667	18
668	18
670	7
670	8
670	9
670	15
670	17
670	18
684	13
738	18
739	18
740	18
742	7
742	8
742	9
742	10
742	12
742	17
753	18
770	18
806	18
824	7
824	10
824	12
824	17
825	18
826	18
854	7
857	18
858	18
860	18
924	18
996	18
997	4
998	4
1006	18
1007	18
1011	17
1013	18
1020	9
1032	18
1033	18
1036	18
1038	18
1040	18
1043	18
1045	18
1046	18
1048	18
1052	18
1053	10
1053	12
1053	18
1062	13
1066	7
1066	18
1085	13
1085	14
1085	18
1086	12
1086	13
1086	14
1086	18
1087	18
1090	18
1101	18
1102	18
1103	18
1104	18
1105	18
1107	18
1115	18
1187	18
1188	18
1189	18
1190	18
1191	18
1192	18
1227	18
1228	18
1229	18
1238	18
1241	18
1242	18
1269	18
1284	13
1325	13
1380	13
1380	18
1391	13
1391	18
1396	18
1405	18
1406	18
1407	18
1408	18
1409	18
1411	13
1411	18
1412	18
1421	13
1436	18
1437	18
1438	18
1550	18
1557	13
1557	18
1596	18
1680	15
1680	17
1869	10
1869	12
1869	13
2324	7
2325	7
2326	7
2443	10
2443	14
2443	18
2458	10
2888	8
2888	9
2888	10
2888	12
2888	13
2888	14
2888	17
2888	18
2890	12
2890	13
2890	14
2890	18
2891	8
2891	9
2891	10
2891	14
2891	17
2891	18
2892	18
2894	18
2895	13
2895	14
2895	17
2898	18
2902	18
2903	18
2904	18
2909	12
2909	18
2912	18
2913	14
2913	18
2915	17
2917	17
2926	17
2926	18
2927	18
2929	18
2930	18
2932	18
2933	17
2933	18
2944	8
2944	9
2944	10
2944	14
2944	17
2944	18
2945	18
2946	18
2947	18
2949	10
2949	17
2949	18
2954	13
2954	18
2956	13
2957	10
2957	17
2957	18
2958	18
2959	18
2960	18
2962	17
2962	18
2964	8
2964	9
2964	10
2964	13
2964	15
2964	17
2964	18
2965	18
2971	10
2971	17
2974	18
2976	18
2979	18
2980	18
2981	8
2981	9
2981	12
2981	13
2981	14
2981	18
2986	13
2991	10
2991	17
2991	18
3010	8
3010	9
3010	12
3010	13
3010	14
3010	17
3010	18
3014	18
3018	18
3020	18
3026	18
3028	18
3038	18
3053	13
3054	13
3054	14
3054	18
3055	18
3056	18
3060	18
3067	18
3068	18
3070	18
3071	18
3072	18
3074	18
3075	18
3077	18
3078	18
3079	18
3082	18
3084	18
3085	18
3086	18
3087	18
3088	18
3089	18
3090	18
3091	18
3092	18
3093	18
3094	18
3096	18
3097	18
3098	18
3099	18
3100	18
3101	18
3103	18
3104	18
3106	18
3108	18
3109	18
3110	18
3111	18
3112	18
3113	18
3114	18
3115	18
3116	18
3118	18
3119	18
3123	18
3124	18
3125	18
3126	18
3127	18
3128	18
3129	18
3131	18
3133	18
3134	18
3135	18
3136	18
3137	18
3139	18
3143	18
3144	8
3144	9
3144	10
3144	13
3144	15
3144	18
3151	8
3151	9
3151	10
3151	15
3151	17
3151	18
3153	13
3153	18
3154	18
3155	18
3156	18
3158	18
3159	18
3160	18
3161	18
3163	18
3164	18
3165	18
3167	18
3169	18
3170	18
3171	18
3172	18
3173	18
3174	18
3175	18
3176	18
3178	18
3179	18
3180	18
3181	18
3182	18
3183	18
3184	18
3185	18
3188	18
3190	18
3191	18
3192	18
3193	18
3195	18
3196	18
3197	18
3199	18
3200	18
3201	18
3202	18
3203	18
3204	18
3205	18
3206	18
3207	18
3208	18
3209	18
3210	18
3211	18
3212	18
3213	18
3214	18
3215	18
3216	18
3217	18
3218	18
3219	18
3221	18
3223	18
3224	18
3226	18
3227	12
3227	13
3227	18
3228	18
3229	18
3230	18
3231	18
3232	18
3233	18
3234	18
3235	18
3236	18
3237	18
3238	18
3240	18
3241	18
3243	18
3244	18
3245	18
3246	18
3247	18
3248	18
3249	18
3250	18
3251	18
3252	18
3253	18
3254	18
3255	18
3256	18
3257	18
3258	18
3259	18
3260	18
3261	18
3262	18
3263	18
3266	18
3267	18
3269	18
3271	18
3272	18
3273	18
3276	18
3277	18
3278	18
3279	18
3280	18
3281	18
3282	18
3283	18
3284	18
3285	18
3286	18
3287	18
3288	18
3289	18
3291	18
3292	18
3293	18
3297	18
3300	18
3301	18
3303	18
3304	18
3305	18
3306	18
3307	18
3309	18
3310	18
3311	18
3312	18
3313	18
3314	18
3315	18
3316	18
3317	18
3318	18
3319	18
3320	18
3321	18
3324	18
3325	18
3326	18
3327	18
3332	18
3333	18
3335	18
3336	18
3337	18
3338	18
3340	18
3341	18
3342	18
3343	18
3344	13
3344	18
3345	18
3346	18
3347	18
3348	18
3349	18
3350	18
3351	18
3352	18
3354	18
3355	18
3356	18
3357	18
3358	18
3359	18
3360	18
3361	18
3362	18
3363	18
3366	18
3367	18
3368	18
3369	19
3371	18
3372	18
3374	18
3375	18
3376	18
3380	18
3381	18
3383	18
3385	18
3389	18
3390	18
3391	18
3392	18
3393	18
3394	18
3395	18
3396	18
3397	18
3398	18
3401	18
3406	18
3413	18
3428	10
3428	14
3431	18
3432	18
3437	18
3438	18
3440	18
3441	18
3444	18
3445	18
3449	18
3450	18
3452	18
3456	8
3456	9
3456	10
3456	12
3456	13
3456	14
3456	17
3460	18
3461	18
3462	18
3463	18
3467	18
3468	18
3470	18
3472	8
3472	9
3472	10
3472	12
3472	13
3472	14
3472	17
3472	18
3475	18
3476	18
3477	18
3487	18
3488	18
3490	18
3494	18
3495	18
3497	8
3497	9
3497	10
3497	12
3497	13
3497	17
3497	18
3498	18
3499	18
3505	18
3506	18
3507	18
3508	18
3509	18
3511	18
3512	18
3513	18
3515	18
3516	18
3517	18
3519	18
3521	18
3522	18
3523	18
3524	18
3525	18
3528	18
3529	18
3530	18
3531	18
3532	18
3533	18
3534	18
3536	18
3538	18
3539	18
3540	18
3541	18
3542	18
3544	18
3545	18
3546	18
3547	18
3548	18
3549	18
3550	18
3551	18
3552	18
3553	18
3554	18
3555	18
3556	18
3557	18
3558	18
3559	18
3560	18
3561	18
3562	18
3563	18
3564	18
3565	18
3566	18
3567	18
3568	18
3569	18
3570	18
3571	18
3572	18
3574	18
3575	18
3583	18
3585	18
3586	12
3586	14
3586	18
3587	8
3587	9
3587	10
3587	13
3587	15
3587	18
3589	8
3589	9
3589	10
3589	12
3589	13
3589	17
3589	18
3593	18
3594	18
3595	18
3596	18
3597	18
3598	18
3601	18
3602	18
3603	18
3604	18
3605	18
3606	18
3607	18
3608	18
3609	18
3610	18
3611	18
3612	18
3613	18
3614	18
3615	18
3616	18
3617	18
3618	18
3619	18
3621	18
3627	18
3629	18
3630	18
3634	18
3647	18
3648	18
3649	18
3650	18
3651	18
3653	18
3654	18
3655	18
3656	18
3657	18
3658	18
3659	18
3661	18
3662	18
3665	18
3666	18
3667	18
3668	18
3669	18
3670	18
3671	18
3672	18
3673	18
3674	18
3675	18
3676	18
3679	18
3681	18
3682	18
3684	18
3685	18
3686	18
3687	18
3688	18
3689	18
3690	18
3692	18
3693	13
3693	18
3695	18
3696	18
3698	18
3699	18
3700	18
3701	18
3708	18
3710	18
3711	18
3712	18
3713	18
3714	10
3714	12
3714	14
3714	17
3714	18
3715	18
3716	18
3717	18
3719	18
3720	18
3721	18
3722	18
3723	18
3724	18
3725	18
3726	18
3727	18
3731	18
3732	18
3733	18
3734	18
3735	18
3737	18
3738	18
3739	18
3740	18
3741	18
3742	18
3743	18
3745	18
3746	18
3747	18
3748	18
3749	18
3750	18
3752	18
3755	18
3757	18
3761	18
3762	18
3764	19
3765	18
3766	18
3767	18
3768	18
3770	18
3771	18
3772	18
3774	18
3775	18
3776	18
3777	18
3781	18
3782	18
3784	18
3785	18
3786	18
3787	18
3788	18
3789	18
3790	18
3791	18
3792	18
3793	18
3794	18
3795	18
3796	18
3797	18
3798	18
3799	18
3801	18
3802	18
3804	8
3804	9
3804	10
3804	13
3804	14
3804	17
3804	18
3808	8
3808	10
3808	14
3808	18
3812	18
3813	18
3814	18
3815	18
3816	18
3817	18
3818	18
3819	18
3820	18
3821	18
3822	18
3823	18
3824	18
3825	18
3826	18
3827	18
3828	18
3829	18
3830	18
3832	18
3834	18
3836	18
3837	18
3839	18
3840	18
3841	18
3846	18
3847	18
3850	18
3851	18
3852	8
3852	9
3852	12
3852	18
3853	18
3854	18
3862	18
3865	18
3883	18
3884	18
3885	18
3889	18
3891	18
3892	18
3895	18
3896	18
3899	18
3900	18
3901	18
3903	18
3905	18
3906	18
3907	18
3908	18
3909	18
3912	18
3913	18
3915	18
3916	18
3917	18
3918	18
3919	18
3920	18
3921	18
3922	18
3923	18
3924	18
3925	18
3926	18
3928	18
3929	18
3930	18
3931	18
3932	18
3933	18
3934	18
3938	18
3939	18
3940	18
3941	18
3943	18
3945	18
3947	18
3948	18
3951	18
3952	18
3954	18
3955	18
3956	18
3957	18
3958	18
3960	18
3961	18
3962	18
3964	18
3965	18
3966	13
3966	18
3967	18
3968	18
3969	18
3970	18
3971	18
3972	19
3973	12
3973	18
3974	18
3975	18
3976	18
3977	18
3978	18
3979	18
3980	18
3981	18
3982	18
3983	18
3984	18
3985	18
3986	18
3987	18
3988	18
3989	18
3990	18
3991	18
3992	18
3993	18
3994	18
3995	18
3999	18
4003	18
4004	18
4005	18
4006	18
4007	18
4008	18
4009	18
4010	18
4011	18
4012	18
4013	18
4014	18
4015	18
4016	18
4019	18
4024	18
4025	18
4027	18
4028	8
4028	9
4028	10
4028	13
4028	14
4028	17
4028	18
4029	12
4029	14
4029	18
4042	18
4051	13
4051	14
4051	18
4085	18
4087	18
4124	18
4152	18
4159	18
4168	8
4168	9
4168	10
4168	12
4168	14
4168	18
4198	18
4201	18
4203	8
4203	9
4203	10
4203	12
4203	13
4203	14
4203	17
4205	18
4206	18
4209	8
4209	9
4209	10
4209	14
4209	17
4214	18
4235	18
4243	18
4244	17
4244	18
4255	18
4268	18
4347	18
4349	13
4349	18
4357	8
4357	9
4357	10
4357	13
4357	14
4357	17
4357	18
4358	18
4359	18
4360	18
4374	8
4374	9
4374	12
4374	13
4374	14
4374	18
4375	18
4388	18
4389	18
4391	18
4395	18
4397	18
4400	18
4402	18
4406	18
4407	18
4409	18
4411	18
4414	18
4418	18
4420	18
4423	18
4426	18
4429	18
4432	18
4433	18
4434	10
4434	17
4434	18
4438	18
4440	18
4441	18
4442	18
4444	18
4448	18
4454	18
4455	18
4464	18
4465	18
4468	18
4469	18
4471	18
4472	18
4473	18
4480	18
4482	18
4485	18
4487	18
4488	18
4490	18
4491	18
4494	18
4495	18
4496	18
4497	18
4502	18
4504	18
4505	18
4506	18
4509	18
4510	18
4511	18
4524	18
4529	13
4529	15
4529	17
4542	7
4542	13
4542	14
4542	18
4545	13
4545	18
4552	18
4554	12
4554	18
4555	18
4556	18
4558	18
4562	18
4569	18
4570	18
4571	18
4575	18
4577	18
4580	18
4581	18
4584	18
4585	18
4586	18
4590	18
4591	13
4591	18
4595	13
4605	8
4605	9
4605	10
4605	17
4609	8
4609	9
4609	10
4609	12
4609	13
4609	14
4609	17
4609	18
4613	10
4613	17
4621	10
4621	14
4656	18
4658	10
4658	14
4661	8
4661	9
4661	10
4661	12
4661	13
4661	14
4661	17
4661	18
4664	10
4664	14
4664	18
4665	8
4665	9
4665	17
4665	18
4667	18
4669	18
4674	8
4674	9
4674	10
4674	12
4674	13
4674	14
4674	17
4675	10
4675	14
4682	13
4685	9
4685	10
4685	12
4685	14
4685	17
4685	18
4693	10
4693	14
4696	18
4699	13
4699	18
4700	18
4705	12
4705	13
4718	13
4731	8
4731	9
4731	10
4731	12
4731	13
4731	17
4731	18
4734	13
4762	8
4762	9
4762	10
4762	13
4762	14
4762	17
4764	13
4769	9
4769	17
4773	13
4783	18
4795	10
4795	13
4795	14
4799	18
4806	5
4806	6
4808	13
4817	13
4817	18
4819	8
4819	9
4819	10
4819	12
4819	13
4819	14
4819	17
4843	18
4844	10
4845	13
4847	9
4847	10
4847	17
4863	13
4863	18
4868	13
4873	13
4879	8
4879	9
4879	10
4879	12
4879	13
4879	14
4879	17
4879	18
4902	13
4913	13
4914	13
4917	13
4940	10
4940	13
4942	9
4942	13
4942	17
4946	13
4947	8
4947	9
4947	17
4950	13
4953	18
4956	18
4959	18
4960	18
4966	13
4966	18
4968	13
4968	18
4977	18
4981	8
4981	9
4981	10
4981	12
4981	13
4981	14
4981	15
4981	17
4981	18
4982	13
4982	18
4983	18
4984	18
4985	18
4986	18
4987	18
4988	18
4989	18
4990	18
4991	18
4992	18
4993	18
4994	18
4995	18
4996	18
4997	18
4998	18
4999	18
5000	18
5001	18
5002	18
5003	18
5004	18
5005	18
5006	18
5007	18
5008	18
5009	18
5010	18
5011	18
5012	18
5013	18
5014	18
5015	18
5016	18
5017	18
5018	18
5019	18
5020	18
5021	18
5022	18
5023	18
5024	18
5025	18
5026	18
5027	18
5028	18
5029	18
5030	18
5031	18
5032	18
5033	18
5034	18
5035	18
5036	18
5040	18
5042	18
5043	18
5044	18
5045	18
5046	18
5047	18
5048	18
5049	18
5050	18
5051	18
5052	18
5053	18
5054	18
5055	18
5056	18
5057	18
5058	18
5059	18
5060	18
5061	18
5062	18
5063	18
5064	18
5065	18
5066	18
5067	18
5068	18
5069	13
5069	18
5070	18
5071	18
5072	18
5073	18
5074	18
5075	18
5076	18
5077	18
5079	18
5080	18
5082	18
5083	18
5084	13
5084	18
5085	13
5085	18
5086	18
5087	18
5088	18
5089	18
5091	18
5092	18
5093	9
5093	10
5093	12
5093	13
5093	14
5093	15
5093	17
5093	18
5094	18
5095	18
5096	18
5097	18
5098	18
5100	18
5101	18
5102	18
5103	18
5104	18
5105	18
5106	18
5107	18
5108	18
5109	18
5110	18
5111	13
5111	18
5112	13
5112	18
5113	18
5114	18
5115	18
5116	18
5118	12
5118	18
5119	8
5119	9
5119	10
5119	12
5119	13
5119	17
5119	18
5120	18
5121	13
5121	18
5126	18
5128	18
5130	12
5130	18
5131	18
5133	18
5135	18
5138	18
5144	18
5146	18
5147	13
5147	14
5147	18
5148	18
5149	18
5150	18
5152	18
5153	18
5154	18
5155	18
5156	18
5157	18
5158	18
5159	18
5160	18
5161	18
5162	18
5164	18
5165	18
5167	18
5170	18
5172	18
5173	18
5174	18
5175	18
5176	18
5177	18
5178	18
5179	18
5180	18
5181	18
5182	18
5183	18
5184	18
5185	18
5186	18
5187	18
5188	18
5189	18
5190	18
5191	18
5192	18
5193	18
5194	18
5195	18
5196	18
5197	18
5198	18
5199	18
5200	18
5201	18
5202	18
5203	18
5204	18
5206	18
5209	18
5210	18
5211	18
5212	18
5213	18
5215	18
5216	18
5217	18
5218	18
5219	18
5220	18
5221	18
5222	18
5223	18
5224	18
5225	18
5226	18
5227	18
5228	18
5229	18
5230	18
5231	18
5233	18
5234	18
5235	18
5236	18
5237	18
5238	18
5239	18
5240	18
5241	18
5242	18
5243	18
5244	18
5245	18
5246	18
5247	18
5248	18
5249	18
5250	18
5251	18
5252	18
5253	18
5256	18
5257	18
5260	18
5263	18
5264	18
5267	18
5268	18
5269	18
5270	8
5270	9
5270	10
5270	12
5270	13
5270	14
5270	18
5271	18
5273	18
5274	13
5274	18
5276	18
5277	18
5278	18
5279	18
5280	18
5281	18
5282	18
5283	18
5284	13
5284	18
5285	18
5286	18
5288	18
5289	13
5289	15
5289	17
5289	18
5290	18
5291	18
5292	18
5293	18
5294	18
5295	18
5296	18
5297	18
5298	18
5301	18
5302	18
5303	18
5304	18
5305	18
5306	18
5308	18
5309	18
5310	18
5311	13
5311	18
5312	18
5313	18
5314	18
5315	18
5317	15
5317	17
5317	18
5320	18
5321	18
5322	18
5323	18
5324	13
5326	17
5327	17
5348	8
5348	12
5348	15
5348	18
5349	17
5349	18
5350	13
5350	17
5350	18
5351	15
5351	18
5357	17
5357	18
5366	18
5367	18
5370	18
5375	18
5381	13
5381	18
5382	10
5382	17
5382	18
5384	10
5384	15
5384	18
5385	18
5386	17
5386	18
5387	18
5388	18
5396	8
5396	9
5396	10
5396	12
5396	13
5396	14
5396	18
5397	17
5397	18
5398	17
5398	18
5399	18
5400	17
5400	18
5401	17
5401	18
5402	18
5403	18
5404	18
5405	18
5406	18
5407	18
5408	18
5409	18
5410	18
5411	18
5412	18
5413	18
5414	18
5415	18
5416	18
5417	18
5418	18
5419	18
5420	18
5421	18
5424	18
5425	18
5426	18
5427	18
5428	18
5429	18
5430	18
5431	18
5434	10
5434	15
5434	18
5436	18
5438	8
5438	9
5438	10
5438	13
5438	14
5438	18
5439	18
5441	17
5441	18
5442	18
5443	17
5443	18
5444	18
5445	18
5446	18
5447	18
5448	18
5449	18
5450	18
5451	18
5452	18
5453	18
5454	18
5456	18
5457	18
5459	15
5459	17
5459	18
5460	18
5461	18
5463	18
5464	18
5465	18
5466	18
5468	18
5470	17
5470	18
5471	18
5472	18
5473	18
5474	18
5476	18
5478	18
5480	18
5481	18
5482	18
5483	18
5484	13
5484	18
5485	18
5487	18
5488	17
5488	18
5492	18
5493	18
5494	18
5495	13
5495	18
5496	8
5496	10
5496	12
5496	15
5496	17
5496	18
5497	18
5498	18
5499	18
5500	18
5501	18
5502	18
5503	18
5504	18
5505	18
5506	18
5507	18
5508	18
5509	18
5510	18
5511	18
5512	18
5513	18
5514	18
5515	18
5516	18
5517	18
5518	18
5519	18
5520	18
5521	18
5522	18
5523	18
5524	18
5525	18
5526	18
5527	18
5528	18
5529	18
5530	18
5531	18
5532	18
5533	18
5534	18
5535	18
5536	18
5537	18
5538	18
5539	18
5540	18
5541	18
5542	18
5543	18
5544	18
5545	18
5546	18
5547	18
5548	18
5549	18
5550	18
5551	18
5552	18
5553	18
5554	18
5555	18
5556	18
5558	18
5559	18
5560	18
5562	18
5567	18
5568	18
5569	18
5570	18
5571	18
5572	18
5573	18
5574	18
5575	18
5576	18
5577	18
5578	18
5579	18
5580	10
5580	15
5580	17
5580	18
5602	8
5602	9
5602	10
5602	12
5602	13
5602	14
5602	15
5602	17
5602	18
5604	9
5604	10
5604	13
5604	14
5604	17
5604	18
5605	18
5606	18
5607	18
5608	18
5609	18
5610	18
5611	18
5612	18
5613	18
5614	18
5615	18
5616	18
5617	18
5618	18
5619	18
5620	18
5621	18
5622	18
5623	18
5624	18
5625	18
5626	18
5627	18
5628	18
5629	18
5630	18
5631	18
5632	18
5633	13
5633	18
5635	18
5636	18
5637	18
5638	18
5639	18
5640	18
5641	18
5642	18
5643	18
5644	18
5645	18
5646	18
5647	18
5648	18
5649	18
5650	18
5651	18
5652	18
5653	18
5654	18
5655	18
5656	18
5657	18
5658	18
5659	18
5660	18
5661	18
5662	18
5663	18
5664	18
5666	18
5676	18
5681	18
5684	18
5685	18
5690	18
5691	18
5692	18
5694	13
5694	18
5697	18
5698	18
5699	13
5699	18
5701	18
5702	13
5702	18
5703	18
5704	18
5705	18
5706	18
5707	18
5708	18
5709	18
5710	18
5711	18
5712	18
5713	18
5714	18
5715	18
5716	18
5717	18
5718	18
5719	18
5721	18
5722	18
5723	18
5724	18
5726	18
5727	8
5727	9
5727	13
5727	15
5727	17
5727	18
5728	18
5729	18
5730	18
5731	18
5732	18
5734	18
5736	18
5737	18
5738	18
5739	18
5740	18
5741	18
5742	18
5743	18
5744	18
5745	18
5746	18
5747	18
5748	18
5749	18
5750	18
5751	18
5752	18
5753	13
5753	18
5754	18
5755	18
5756	18
5757	18
5758	18
5759	18
5763	18
5767	13
5767	18
5769	18
5770	12
5770	13
5770	18
5771	18
5772	18
5773	8
5773	9
5773	10
5773	12
5773	13
5773	14
5773	18
5774	12
5774	13
5774	17
5774	18
5775	18
5776	18
5777	18
5779	18
5780	18
5781	13
5781	18
5782	18
5783	18
5785	18
5786	18
5787	18
5788	18
5789	18
5790	18
5791	18
5795	18
5796	18
5797	13
5801	18
5805	18
5807	18
5811	18
5812	18
5822	18
5824	18
5825	18
5826	18
5828	18
5829	18
5831	13
5831	17
5831	18
5832	18
5833	18
5834	13
5834	17
5834	18
5835	17
5835	18
5837	18
5840	18
5841	18
5842	18
5846	18
5847	18
5848	18
5849	17
5849	18
5861	17
5861	18
5865	18
5872	10
5872	15
5873	10
5873	13
5873	15
5885	13
5885	18
5892	12
5892	18
5899	18
5903	13
5904	7
5904	8
5904	9
5904	10
5904	12
5904	14
5904	18
5917	17
5917	18
5921	17
5921	18
5922	18
5925	17
5925	18
5926	18
5927	18
5935	18
5938	18
5939	8
5939	9
5939	13
5939	18
5940	8
5940	9
5940	13
5940	17
5949	10
5949	13
5949	15
5949	17
5953	10
5953	18
5965	13
5965	18
5966	13
5967	13
5968	13
5968	15
5968	17
5969	13
5970	10
5970	15
5983	7
5983	8
5983	9
5983	10
5983	13
5983	14
5983	18
5999	10
6033	18
6042	9
6042	17
6042	18
6053	9
6053	17
6057	6
6061	6
6062	6
6063	6
6065	6
6066	6
6067	6
6068	6
6078	10
6078	13
6078	14
6078	18
6079	12
6079	13
6079	14
6079	18
6080	18
6083	18
6086	15
6088	18
6149	18
6151	18
6176	18
6179	18
6189	14
6236	18
6248	14
6248	18
6249	7
6249	10
6249	14
6250	15
6307	10
6307	13
6462	10
6480	18
6482	13
6483	13
6499	18
6508	7
6508	14
6508	18
6521	18
6524	18
6551	13
6557	18
6560	13
6566	18
6568	18
6569	18
6570	18
6574	17
6574	18
6580	13
6590	18
6603	18
6608	18
6617	18
6620	18
6621	18
6622	18
6632	10
6632	12
6632	17
6632	18
6634	18
6636	18
6641	18
6642	18
6643	18
6644	18
6647	18
6648	18
6649	18
6651	18
6653	18
6655	18
6656	18
6657	18
6659	18
6661	18
6665	18
6668	10
6668	12
6668	17
6668	18
6669	10
6669	14
6669	17
6669	18
6670	18
6671	18
6676	13
6676	18
6678	18
6683	18
6684	18
6685	8
6685	9
6685	10
6685	12
6685	13
6685	14
6685	15
6685	17
6685	18
6686	18
6689	18
6700	18
6706	16
6708	10
6708	17
6708	18
6709	18
6710	18
6711	18
6712	18
6713	18
6714	18
6715	18
6716	18
6717	18
6721	18
6722	18
6728	18
6731	18
6735	18
6736	18
6737	18
6739	18
6740	18
6741	18
6747	18
6750	17
6750	18
6751	18
6752	18
6753	18
6755	18
6756	10
6756	14
6756	18
6759	18
6763	18
6767	18
6773	18
6774	18
6775	18
6779	18
6781	17
6781	18
6783	18
6784	18
6785	18
6788	18
6792	18
6801	18
6802	18
6803	18
6807	18
6809	13
6813	10
6813	13
6813	18
6814	18
6817	13
6817	18
6818	13
6823	18
6825	18
6827	18
6828	18
6829	18
6840	18
6848	18
6852	18
6861	18
6884	18
6885	18
6895	18
6896	18
6899	18
6900	18
6914	18
6922	18
6923	18
6924	18
6925	18
6926	18
6927	18
6930	18
6935	18
6936	18
6938	18
6941	18
6943	18
6944	18
6956	18
6957	18
6958	18
6959	18
6961	18
6963	18
6964	18
6965	18
6966	18
6967	18
6974	18
6975	18
6976	18
6978	18
6982	18
6984	18
6986	18
6990	18
6991	18
6992	18
6994	18
6995	18
6996	18
6999	18
7001	18
7003	18
7004	18
7006	18
7021	18
7026	18
7027	18
7031	18
7042	18
7044	18
7045	18
7046	18
7063	18
7065	18
7066	18
7067	18
7068	18
7069	18
7070	18
7071	18
7072	18
7073	18
7075	18
7078	10
7078	17
7078	18
7090	10
7090	12
7090	17
7090	18
7092	17
7112	18
7114	18
7117	18
7118	18
7119	18
7121	18
7122	18
7123	18
7124	18
7125	18
7141	13
7142	13
7142	17
7142	18
7143	18
7150	18
7151	18
7154	18
7155	18
7156	18
7157	18
7158	13
7158	18
7161	18
7163	18
7164	18
7165	18
7166	18
7167	18
7168	18
7169	18
7170	18
7171	18
7172	18
7173	18
7174	18
7175	18
7176	18
7177	18
7178	18
7179	18
7180	18
7181	18
7182	18
7184	18
7185	18
7186	18
7187	18
7188	18
7190	18
7191	18
7192	18
7193	18
7194	18
7195	18
7197	18
7198	18
7200	18
7201	18
7202	18
7203	18
7204	18
7205	18
7206	18
7208	18
7209	18
7210	18
7211	18
7212	18
7213	18
7214	18
7215	18
7216	18
7217	18
7218	18
7219	18
7221	18
7222	18
7224	18
7225	18
7226	18
7227	18
7228	18
7229	18
7230	18
7231	18
7232	18
7233	18
7234	18
7235	18
7236	18
7237	18
7238	18
7239	18
7240	18
7241	18
7242	18
7244	18
7245	19
7246	18
7248	18
7249	18
7250	18
7251	18
7252	18
7253	18
7254	18
7255	18
7256	18
7257	18
7258	18
7259	18
7260	18
7261	18
7262	18
7263	18
7264	18
7265	18
7266	18
7267	18
7268	18
7269	18
7270	18
7272	18
7273	18
7274	18
7275	18
7276	18
7277	18
7279	18
7280	18
7281	18
7283	18
7284	18
7285	18
7286	18
7287	18
7288	18
7289	18
7290	18
7291	18
7292	18
7293	18
7294	18
7295	18
7297	18
7298	18
7299	18
7301	18
7302	18
7303	18
7304	18
7305	18
7306	18
7307	18
7308	18
7309	18
7310	18
7311	18
7317	18
7318	18
7320	18
7321	18
7322	18
7323	18
7324	18
7325	18
7326	18
7327	18
7328	18
7329	18
7330	18
7331	18
7332	18
7333	18
7334	18
7338	18
7339	18
7340	18
7342	18
7344	18
7345	18
7346	18
7347	18
7348	18
7350	18
7351	18
7352	18
7353	18
7354	18
7355	18
7356	18
7357	18
7358	18
7359	18
7360	18
7361	18
7362	18
7363	18
7364	18
7365	18
7366	18
7367	18
7368	18
7369	18
7370	18
7371	18
7372	18
7373	18
7374	18
7375	18
7376	18
7377	18
7378	18
7379	18
7380	18
7381	18
7382	18
7383	18
7384	18
7385	18
7386	18
7387	18
7388	18
7389	18
7390	18
7391	18
7392	18
7393	18
7394	18
7395	13
7395	18
7396	18
7397	18
7398	18
7399	18
7400	18
7402	18
7403	18
7404	18
7405	18
7406	18
7407	18
7409	18
7410	18
7411	18
7412	18
7413	18
7414	18
7415	18
7416	18
7417	18
7418	18
7420	18
7421	18
7422	18
7423	18
7424	18
7426	18
7427	18
7428	18
7429	18
7431	18
7433	18
7434	18
7435	18
7436	18
7437	18
7438	18
7441	18
7442	18
7443	18
7445	18
7446	18
7447	18
7448	18
7449	18
7450	18
7451	18
7452	18
7453	18
7454	18
7455	18
7456	18
7457	18
7458	18
7459	18
7460	18
7461	18
7462	18
7463	18
7464	18
7465	18
7466	18
7467	18
7468	18
7469	18
7470	18
7471	18
7472	18
7474	18
7475	18
7476	18
7477	18
7478	18
7480	18
7481	18
7482	18
7483	18
7484	18
7485	18
7486	18
7487	18
7488	18
7489	18
7490	18
7492	18
7493	18
7495	18
7496	18
7497	18
7498	18
7499	18
7500	13
7500	18
7501	18
7502	18
7503	18
7504	18
7505	18
7506	18
7507	18
7508	18
7509	18
7510	18
7511	18
7512	18
7514	18
7515	18
7516	18
7517	18
7518	18
7519	18
7520	18
7521	18
7522	18
7523	18
7524	18
7525	18
7526	18
7527	18
7528	18
7529	18
7530	18
7531	18
7532	18
7533	18
7534	18
7535	18
7539	18
7540	18
7541	18
7542	18
7543	10
7543	12
7543	14
7543	18
7544	18
7545	10
7545	12
7545	14
7545	18
7546	18
7547	18
7548	18
7549	18
7550	18
7551	18
7552	18
7553	18
7554	18
7555	18
7556	18
7557	18
7558	18
7559	18
7560	18
7561	18
7562	18
7563	18
7564	18
7565	18
7566	18
7567	18
7568	18
7569	18
7570	18
7571	18
7572	18
7573	18
7574	18
7575	18
7576	18
7577	18
7578	18
7579	18
7580	18
7581	18
7582	18
7583	18
7584	18
7585	18
7586	18
7587	18
7588	18
7589	18
7590	18
7591	18
7592	18
7593	18
7594	18
7595	18
7596	18
7597	18
7598	18
7599	18
7600	18
7601	13
7601	18
7602	12
7602	13
7602	18
7603	18
7604	18
7605	18
7606	18
7607	18
7608	18
7609	18
7610	18
7611	18
7612	18
7613	18
7614	18
7615	18
7616	18
7617	18
7618	18
7619	18
7620	18
7621	18
7622	18
7623	18
7624	18
7625	18
7626	18
7627	18
7628	18
7629	18
7630	18
7631	18
7632	18
7633	18
7634	18
7635	18
7636	18
7637	18
7638	18
7639	18
7640	18
7641	18
7642	18
7643	18
7644	18
7645	18
7646	18
7647	18
7648	18
7649	18
7650	18
7651	18
7652	18
7653	18
7654	18
7655	18
7656	18
7657	18
7658	18
7659	18
7660	18
7661	18
7662	18
7663	18
7664	18
7665	18
7666	18
7667	18
7668	18
7669	18
7670	18
7671	18
7672	18
7673	18
7674	18
7675	18
7676	18
7677	18
7678	18
7679	18
7680	18
7681	18
7682	18
7683	18
7684	18
7685	18
7686	18
7687	18
7688	18
7689	18
7690	18
7691	18
7692	18
7693	18
7694	18
7695	18
7696	18
7697	18
7698	18
7699	18
7700	18
7701	18
7702	18
7703	18
7704	18
7705	18
7706	18
7707	13
7707	18
7708	18
7709	18
7710	18
7711	18
7712	18
7713	18
7714	18
7715	18
7716	18
7717	18
7718	18
7719	18
7720	18
7721	18
7722	18
7723	18
7724	18
7725	18
7726	18
7727	18
7728	18
7729	18
7730	18
7731	18
7732	18
7733	18
7734	18
7735	18
7736	18
7737	18
7738	18
7739	18
7740	18
7741	18
7742	18
7743	18
7744	18
7745	18
7746	18
7747	18
7748	18
7750	18
7752	18
7753	18
7754	18
7755	18
7758	18
7760	18
7761	12
7761	13
7761	18
7762	18
7763	18
7764	13
7764	18
7765	18
7766	18
7767	12
7767	18
7768	18
7771	18
7772	18
7773	18
7774	18
7777	18
7778	18
7779	18
7780	12
7780	18
7781	18
7782	13
7782	18
7783	18
7784	18
7785	17
7785	18
7786	18
7787	18
7788	18
7790	9
7790	18
7791	18
7792	13
7792	18
7793	18
7794	18
7795	18
7797	18
7799	18
7800	18
7801	18
7803	18
7805	18
7806	18
7812	18
7813	18
7814	18
7815	18
7816	18
7817	18
7818	18
7820	18
7821	18
7822	18
7823	18
7824	18
7828	18
7829	13
7829	18
7832	13
7832	18
7836	18
7837	18
7838	18
7839	18
7841	18
7843	13
7843	18
7844	18
7845	13
7845	18
7846	18
7847	18
7848	18
7849	18
7850	18
7851	18
7852	18
7853	18
7854	18
7855	18
7856	18
7858	18
7860	18
7862	18
7865	18
7866	18
7867	18
7868	18
7869	18
7870	18
7872	18
7874	18
7875	18
7876	8
7876	12
7876	13
7876	18
7877	8
7877	9
7877	12
7877	18
7879	12
7879	13
7879	16
7880	18
7881	17
7881	18
7882	18
7883	18
7884	18
7886	18
7888	18
7889	18
7890	18
7892	18
7893	18
7894	18
7895	18
7896	18
7897	18
7898	18
7899	18
7900	18
7901	18
7902	18
7903	18
7904	18
7905	18
7906	18
7907	18
7908	18
7909	18
7910	18
7911	18
7912	18
7913	18
7914	18
7915	18
7916	18
7917	18
7918	18
7919	18
7920	18
7922	18
7923	17
7923	18
7925	18
7926	18
7932	18
7933	18
7935	18
7964	18
7973	18
7990	18
7998	13
7998	18
7999	18
8000	18
8013	10
8013	13
8013	14
8013	18
8015	18
8016	18
8052	10
8052	12
8052	13
8052	14
8052	18
8054	18
8055	18
8056	18
8057	18
8058	18
8060	18
8068	18
8069	18
8075	7
8075	14
8075	18
8076	14
8077	7
8077	14
8077	18
8083	18
8085	18
8094	7
8094	14
8094	18
8097	18
8102	18
8116	18
8117	18
8119	18
8120	18
8121	18
8122	13
8143	18
8144	18
8146	18
8147	18
8148	18
8149	18
8150	18
8151	18
8153	18
8154	18
8155	18
8156	18
8157	18
8159	18
8160	18
8161	18
8162	18
8171	18
8172	18
8173	18
8174	18
8175	18
8176	18
8177	18
8178	18
8179	18
8180	18
8181	18
8182	7
8182	14
8182	18
8222	18
8244	18
8250	14
8256	18
8257	18
8258	18
8259	18
8260	18
8261	18
8262	18
8263	18
8264	18
8265	18
8266	18
8267	18
8268	18
8269	18
8275	18
8276	18
8277	18
8278	18
8280	18
8281	18
8290	14
8293	14
8298	18
8299	18
8303	18
8304	18
8305	18
8306	18
8307	18
8308	18
8309	18
8310	18
8312	14
8330	14
8335	18
8336	18
8341	18
8342	18
8343	18
8344	18
8345	18
8346	18
8347	18
8348	18
8349	18
8350	18
8360	14
8366	13
8379	18
8385	18
8412	18
8413	18
8414	18
8416	18
8417	18
8418	18
8419	18
8422	18
8423	18
8425	13
8425	18
8430	18
8431	18
8434	18
8436	13
8436	18
8437	13
8437	14
8437	18
8441	14
8441	18
8467	18
8469	18
8470	18
8471	18
8474	18
8479	18
8480	18
8481	18
8554	18
8560	18
8561	18
8563	13
8566	18
8567	18
8568	18
8569	18
8570	18
8571	18
8573	18
8574	18
8575	18
8576	18
8577	18
8578	18
8579	18
8580	18
8581	18
8582	18
8583	18
8584	18
8585	18
8587	18
8589	18
8591	18
8592	18
8593	18
8594	18
8616	18
8620	18
8630	18
8638	18
8639	18
8640	13
8663	18
8752	18
8759	13
8767	17
8802	18
8810	18
8811	18
8821	18
8825	18
8851	18
8853	18
8908	18
8909	18
8967	18
8995	18
8998	18
9365	10
9365	13
9365	18
9366	10
9441	8
9441	9
9441	17
9686	18
9693	18
9694	18
9695	18
9696	18
9697	18
9698	18
9699	18
9705	18
9713	13
9713	18
9715	13
9715	14
9715	18
9716	18
9717	18
9723	18
9725	18
9728	18
9729	18
9747	18
9748	18
9749	18
9750	18
9759	13
9759	18
9760	18
9762	18
9763	18
9764	18
9766	18
9768	18
9772	18
9774	18
9775	18
9777	18
9778	18
9780	18
9781	18
9782	18
9783	18
9786	18
9787	18
9788	18
9790	18
9791	18
9792	18
9794	18
9795	18
9796	18
9797	18
9798	18
9805	18
9806	18
9810	18
9811	18
9813	18
9814	18
9816	18
9818	18
9820	18
9821	18
9822	18
9823	18
9824	18
9825	18
9826	18
9829	18
9830	18
9831	18
9832	18
9833	18
9834	18
9835	18
9837	18
9838	18
9839	18
9841	18
9843	18
9844	18
9846	18
9847	18
9848	18
9849	18
9851	18
9852	18
9853	18
9854	18
9855	18
9857	18
9858	18
9859	18
9860	18
9862	18
9863	18
9864	18
9865	18
9866	18
9867	18
9868	18
9869	18
9871	18
9872	18
9873	18
9876	18
9877	18
9878	18
9882	18
9886	18
9887	18
9888	18
9891	18
9892	18
9895	18
9901	18
9902	18
9903	18
9904	18
9905	18
9911	18
9913	18
9915	18
9919	18
9930	18
9934	18
9935	18
9940	18
9948	18
9950	18
9951	18
9952	18
9953	18
9954	18
9955	18
9956	18
9957	18
9958	18
9959	18
9960	18
9965	18
9968	18
9981	18
9982	18
9991	18
9997	18
10001	18
10013	18
10022	18
10023	18
10024	18
10037	18
10038	18
10043	18
10048	18
10052	18
10054	18
10055	18
10056	18
10058	18
10061	18
10063	18
10064	18
10065	18
10066	18
10067	18
10068	18
10069	18
10070	18
10072	18
10076	18
10080	18
10082	18
10083	18
10084	18
10085	18
10086	18
10091	18
10092	18
10093	18
10097	18
10098	18
10100	18
10116	18
10123	18
10124	18
10128	18
10131	18
10133	18
10134	18
10135	18
10140	18
10141	18
10142	18
10145	18
10147	18
10151	18
10152	18
10155	18
10156	18
10158	18
10171	18
10173	18
10178	18
10182	18
10188	18
10189	18
10190	18
10194	18
10199	18
10200	18
10201	18
10202	18
10203	18
10204	18
10205	18
10206	18
10207	18
10209	18
10210	18
10211	18
10216	18
10217	18
10222	18
10223	18
10225	18
10227	18
10230	18
10238	18
10240	18
10241	18
10244	18
10245	18
10246	8
10247	8
10251	18
10253	18
10254	18
10255	18
10260	18
10261	18
10263	18
10265	18
10266	18
10267	18
10269	18
10271	18
10274	18
10275	18
10276	18
10277	18
10278	18
10279	18
10280	13
10280	18
10282	18
10283	18
10285	18
10291	18
10293	18
10294	18
10296	18
10297	18
10298	18
10300	18
10301	18
10302	18
10303	18
10304	18
10305	18
10306	18
10307	18
10308	18
10309	18
10312	18
10313	18
10315	18
10316	18
10318	18
10319	18
10320	18
10321	18
10322	18
10325	18
10327	18
10331	18
10332	18
10333	18
10334	18
10340	18
10341	18
10342	18
10343	18
10346	18
10347	18
10349	18
10351	18
10354	18
10355	18
10356	18
10357	18
10358	18
10359	18
10360	18
10361	18
10362	18
10363	18
10364	18
10366	18
10367	18
10368	18
10369	18
10370	18
10371	18
10372	18
10373	18
10374	18
10375	18
10376	18
10377	18
10379	18
10381	18
10382	18
10383	18
10384	18
10396	13
10396	18
10398	18
10399	18
10400	18
10401	18
10402	18
10403	18
10405	18
10406	18
10407	18
10408	18
10409	18
10411	18
10412	18
10413	18
10414	18
10416	18
10417	18
10418	18
10419	18
10420	18
10421	18
10422	18
10423	18
10424	18
10425	18
10426	18
10427	18
10428	18
10429	18
10430	18
10431	18
10434	13
10434	18
10435	18
10436	13
10436	18
10438	13
10438	18
10439	18
10440	18
10441	18
10445	18
10446	18
10447	18
10448	18
10449	13
10449	18
10450	18
10451	18
10454	18
10455	18
10456	18
10457	18
10459	18
10462	18
10468	18
10474	13
10474	18
10475	13
10475	18
10479	18
10486	18
10487	18
10488	18
10489	18
10490	18
10491	13
10491	18
10492	13
10492	18
10503	18
10504	18
10506	18
10507	18
10510	18
10512	18
10518	13
10518	18
10519	18
10520	18
10521	18
10522	18
10523	18
10524	18
10525	18
10526	18
10527	18
10528	18
10529	13
10529	17
10529	18
10530	18
10532	18
10533	13
10533	18
10534	18
10535	18
10536	18
10537	18
10538	18
10539	18
10540	18
10541	18
10542	18
10543	18
10544	18
10545	18
10546	13
10546	18
10547	13
10547	18
10548	18
10549	18
10550	18
10551	18
10552	18
10553	18
10554	18
10555	18
10556	18
10557	18
10558	18
10559	18
10560	18
10561	18
10562	18
10563	18
10564	18
10565	18
10566	18
10567	18
10568	18
10569	18
10570	18
10571	18
10572	18
10573	18
10574	13
10574	18
10575	18
10576	10
10576	12
10576	13
10576	14
10576	18
10577	18
10579	18
10583	18
10584	18
10586	18
10589	18
10591	18
10592	18
10593	18
10595	18
10602	13
10610	8
10610	9
10610	10
10610	17
10610	18
10611	18
10615	13
10618	18
10620	18
10621	18
10622	18
10623	18
10624	18
10625	18
10626	18
10627	12
10627	13
10627	14
10627	18
10632	13
10632	17
10633	18
10634	18
10635	18
10636	18
10648	8
10648	9
10648	12
10648	13
10648	18
10649	15
10649	18
10650	18
10652	15
10653	18
10656	18
10667	18
10668	18
10669	18
10670	18
10671	18
10672	18
10673	18
10674	18
10675	18
10676	18
10677	18
10678	18
10679	18
10680	18
10681	18
10682	18
10683	18
10684	18
10685	18
10686	18
10687	18
10688	18
10689	18
10690	18
10691	18
10692	18
10693	18
10694	18
10695	18
10696	18
10697	18
10698	18
10699	18
10700	18
10701	18
10702	18
10703	18
10704	18
10705	18
10706	18
10707	18
10708	18
10709	18
10710	18
10711	18
10712	18
10713	18
10714	18
10715	18
10716	18
10717	18
10718	18
10719	18
10720	18
10721	18
10722	18
10726	18
10728	18
10729	18
10730	18
10731	18
10733	18
10734	18
10735	18
10736	18
10737	18
10738	18
10739	18
10740	18
10741	18
10742	18
10744	18
10745	18
10750	18
10751	18
10764	17
10773	18
10774	18
10775	18
10776	13
10776	18
10777	18
10778	18
10779	18
10780	18
10781	18
10782	18
10785	18
10788	18
10789	15
10789	18
10791	18
10806	18
10807	18
10811	18
10812	18
10814	18
10815	18
10816	18
10817	18
10818	18
10822	14
10822	18
10823	18
10824	18
10825	18
10826	18
10827	18
10829	18
10834	18
10835	18
10837	18
10838	18
10841	18
10842	18
10845	18
10846	8
10846	12
10846	18
10850	18
10851	10
10851	12
10851	14
10851	17
10851	18
10855	12
10855	18
10856	18
10880	18
10905	18
10907	18
10908	18
10909	12
10909	18
10910	18
10911	18
10912	18
10913	18
10914	18
10915	18
10919	18
10920	18
10921	18
10922	18
10923	18
10925	18
10926	18
10929	18
10932	18
10933	18
10934	18
10935	18
10936	19
10945	18
10949	13
10953	18
10954	18
10960	18
10961	13
10972	18
10974	18
10975	18
10988	18
10993	18
10994	18
10995	18
11010	13
11010	18
11017	18
11018	18
11029	18
11030	18
11031	18
11032	18
11039	18
11040	18
11041	18
11042	18
11044	18
11045	15
11061	13
11066	13
11069	13
11069	18
11074	18
11080	13
11080	18
11081	18
11082	18
11083	18
11084	18
11085	18
11086	18
11088	18
11089	18
11091	18
11092	18
11093	18
11094	18
11096	18
11097	18
11098	18
11100	18
11101	18
11104	18
11105	18
11106	18
11108	18
11109	18
11111	18
11112	18
11113	18
11115	18
11116	18
11117	18
11119	18
11121	18
11122	18
11123	18
11125	18
11127	18
11129	18
11130	18
11131	18
11132	18
11134	18
11135	18
11136	18
11137	18
11138	18
11139	18
11140	18
11142	18
11143	18
11146	18
11148	18
11150	18
11154	18
11155	18
11157	18
11158	18
11159	18
11160	18
11162	18
11163	18
11164	18
11166	18
11167	18
11169	18
11170	18
11173	18
11174	18
11175	18
11176	18
11177	18
11178	18
11180	19
11182	18
11183	18
11184	18
11185	18
11186	18
11187	18
11188	18
11189	18
11191	18
11192	18
11193	18
11197	18
11198	18
11200	8
11200	9
11200	12
11200	13
11200	14
11200	17
11200	18
11201	18
11202	18
11203	18
11204	18
11205	10
11205	12
11205	18
11206	18
11207	18
11208	18
11209	18
11210	18
11214	18
11216	10
11216	12
11216	17
11216	18
11217	18
11218	18
11219	18
11222	18
11224	10
11224	12
11224	18
11225	18
11227	18
11230	18
11231	18
11232	18
11233	18
11234	18
11235	18
11236	8
11236	9
11236	10
11236	17
11236	18
11237	18
11238	18
11239	18
11240	18
11241	18
11242	8
11242	9
11242	12
11242	13
11242	14
11242	17
11242	18
11243	12
11243	18
11244	18
11245	8
11245	9
11245	10
11245	12
11245	17
11245	18
11246	18
11247	18
11249	18
11250	18
11251	10
11251	12
11251	17
11251	18
11252	18
11253	18
11254	18
11255	18
11256	18
11257	18
11260	10
11260	12
11260	18
11261	18
11262	18
11263	18
11264	18
11265	18
11267	18
11268	18
11270	18
11272	18
11273	18
11274	18
11277	18
11279	8
11279	9
11279	10
11279	12
11279	13
11279	17
11279	18
11280	18
11281	18
11282	18
11283	18
11285	18
11286	18
11287	18
11288	18
11290	18
11291	18
11292	18
11293	18
11294	18
11296	18
11297	18
11298	18
11299	18
11301	18
11302	18
11303	8
11303	9
11303	10
11303	12
11303	13
11303	17
11303	18
11304	18
11305	18
11306	18
11307	18
11309	18
11310	18
11311	18
11312	18
11313	18
11314	18
11316	18
11317	18
11318	18
11319	18
11321	18
11322	18
11324	8
11324	9
11324	10
11324	12
11324	13
11324	17
11324	18
11325	18
11326	18
11327	18
11328	18
11329	18
11330	18
11331	18
11332	18
11334	18
11335	18
11336	18
11337	18
11338	18
11339	18
11340	18
11341	18
11342	18
11343	18
11344	18
11345	18
11347	18
11348	18
11350	18
11381	13
11396	18
11397	18
11398	18
11399	18
11400	18
11401	18
11402	18
11403	18
11404	18
11405	18
11406	18
11407	18
11408	18
11411	18
11412	18
11413	18
11414	18
11415	18
11417	18
11418	18
11420	18
11421	18
11422	18
11423	18
11424	18
11425	18
11426	18
11427	18
11428	18
11442	18
11447	18
11448	18
11449	18
11463	13
11467	18
11471	18
11472	18
11484	18
11495	18
11503	18
11515	18
11517	18
11520	18
11523	18
11538	10
11538	17
11538	18
11542	18
11544	18
11546	18
11547	13
11547	18
11551	18
11553	18
11555	18
11559	18
11565	18
11567	18
11569	18
11570	18
11573	18
11580	18
11581	18
11582	18
11583	18
11584	18
11585	18
11586	18
11587	18
11588	18
11590	18
11591	18
11592	18
11593	18
11594	18
11595	18
11596	18
11597	18
11598	18
11599	18
11600	18
11601	18
11602	18
11603	18
11604	18
11605	18
11606	18
11607	18
11608	18
11609	18
11611	18
11612	18
11613	18
11614	18
11615	18
11616	18
11617	18
11618	18
11619	18
11620	18
11621	18
11624	18
11625	18
11626	18
11627	18
11630	18
11631	18
11632	18
11633	18
11634	18
11635	18
11636	18
11637	18
11638	18
11639	18
11640	18
11641	18
11642	18
11643	18
11644	18
11645	18
11646	18
11647	18
11648	18
11649	18
11650	18
11651	18
11652	18
11653	18
11654	18
11655	18
11656	18
11657	18
11658	18
11659	18
11660	18
11662	18
11663	18
11664	18
11665	18
11666	18
11668	18
11669	18
11670	18
11671	18
11672	18
11673	18
11674	18
11675	18
11676	18
11677	18
11678	18
11679	18
11680	18
11681	18
11683	18
11684	18
11685	18
11686	18
11687	18
11688	18
11689	18
11690	18
11691	18
11692	18
11693	18
11694	18
11695	18
11696	18
11697	18
11700	18
11703	18
11704	18
11705	18
11706	18
11707	18
11708	18
11710	18
11711	18
11712	18
11713	18
11714	18
11718	18
11719	18
11720	18
11721	18
11722	18
11725	18
11726	18
11727	18
11728	18
11729	18
11730	18
11731	18
11732	18
11733	18
11734	18
11735	18
11736	18
11737	18
11738	18
11739	18
11740	18
11741	18
11742	18
11743	18
11744	18
11745	18
11746	18
11747	18
11748	18
11749	18
11750	18
11751	18
11752	18
11753	18
11754	18
11755	18
11756	18
11758	18
11759	18
11760	18
11761	18
11762	18
11763	18
11764	18
11765	18
11766	18
11767	18
11768	18
11769	18
11771	18
11772	18
11773	18
11774	18
11775	18
11776	18
11777	18
11778	18
11779	18
11780	17
11780	18
11781	18
11782	18
11783	18
11784	18
11785	18
11786	18
11787	18
11788	18
11789	18
11790	18
11791	18
11792	18
11793	18
11794	18
11795	18
11796	18
11797	18
11798	18
11799	18
11800	18
11801	18
11802	18
11803	18
11804	18
11805	18
11806	18
11807	18
11808	18
11809	18
11810	18
11811	18
11812	18
11814	18
11815	18
11816	18
11817	18
11818	18
11819	18
11821	18
11822	18
11823	18
11824	18
11825	18
11826	18
11827	18
11828	18
11829	18
11830	18
11831	18
11832	18
11833	18
11835	18
11836	18
11838	18
11839	18
11840	18
11841	18
11842	18
11843	18
11844	18
11845	18
11846	18
11847	18
11848	18
11849	18
11850	18
11851	18
11852	18
11853	18
11854	18
11855	18
11856	18
11857	18
11859	18
11860	18
11861	18
11862	18
11863	18
11864	18
11865	18
11866	18
11867	18
11869	18
11870	18
11871	18
11872	18
11873	18
11874	18
11875	18
11876	18
11877	18
11878	18
11879	18
11880	18
11881	18
11883	18
11884	18
11885	18
11886	18
11887	18
11888	18
11889	18
11891	18
11892	18
11893	18
11894	18
11895	18
11897	18
11898	18
11899	18
11900	18
11901	18
11902	18
11903	18
11904	18
11905	18
11906	18
11907	18
11908	18
11909	18
11910	18
11911	18
11912	18
11913	18
11914	18
11915	18
11916	18
11919	18
11920	18
11921	18
11922	18
11923	18
11924	18
11925	18
11926	18
11927	18
11928	18
11929	18
11930	18
11931	18
11932	18
11933	18
11934	18
11935	18
11936	18
11938	18
11940	18
11941	18
11942	18
11943	18
11944	18
11945	18
11946	18
11947	18
11948	18
11949	18
11951	18
11952	18
11953	18
11954	18
11955	18
11956	18
11957	18
11958	18
11959	18
11960	18
11961	18
11962	18
11963	18
11965	18
11966	18
11967	18
11968	18
11969	18
11970	18
11971	18
11972	18
11973	18
11974	18
11975	18
11976	18
11977	18
11981	18
11982	18
11983	18
11984	18
11985	18
11986	18
11988	18
11989	18
11990	18
12001	18
12003	18
12014	18
12015	19
12024	18
12025	18
12026	18
12027	18
12031	18
12035	18
12038	18
12039	18
12050	18
12052	18
12054	18
12055	18
12056	18
12057	18
12059	18
12060	18
12068	18
12075	18
12076	18
12078	18
12080	18
12081	18
12093	18
12112	18
12117	18
12118	18
12119	18
12120	18
12121	18
12122	18
12124	18
12139	18
12159	18
12160	18
12161	18
12164	18
12166	18
12167	18
12199	18
12200	18
12203	18
12207	18
12208	18
12214	18
12218	18
12224	18
12226	18
12228	18
12234	18
12244	18
12264	18
12265	18
12272	18
12273	18
12274	18
12278	18
12287	18
12293	18
12295	18
12296	18
12297	18
12298	18
12308	18
12318	18
12319	18
12320	18
12322	18
12329	18
12331	18
12332	18
12333	18
12347	18
12351	18
12352	18
12355	18
12363	18
12365	18
12367	18
12369	18
12375	18
12376	18
12386	18
12387	18
12388	18
12389	18
12392	18
12393	18
12394	18
12395	18
12396	18
12397	18
12398	18
12399	18
12400	18
12401	18
12402	18
12403	18
12404	18
12405	18
12406	18
12407	18
12408	18
12409	18
12410	18
12411	18
12412	18
12413	18
12414	18
12415	18
12416	18
12417	18
12418	18
12419	18
12420	18
12421	18
12422	18
12423	18
12424	18
12425	18
12426	18
12427	18
12428	18
12429	18
12430	18
12431	18
12432	18
12433	18
12434	18
12435	18
12436	18
12437	18
12438	18
12439	18
12440	18
12441	18
12442	18
12443	18
12444	18
12445	18
12446	18
12447	18
12448	18
12449	18
12450	18
12451	18
12452	18
12453	18
12455	18
12456	18
12457	18
12458	18
12459	18
12460	18
12461	18
12462	18
12463	18
12464	18
12465	18
12466	18
12467	18
12468	13
12468	18
12469	18
12470	18
12471	18
12472	18
12473	18
12474	18
12475	18
12476	18
12477	18
12478	18
12479	18
12480	18
12481	18
12482	18
12483	18
12484	18
12485	18
12486	18
12487	18
12488	18
12489	18
12490	18
12491	18
12492	18
12493	18
12494	18
12495	18
12496	18
12497	18
12498	18
12499	18
12500	18
12501	18
12502	18
12503	18
12504	18
12505	18
12506	18
12507	18
12508	18
12509	18
12510	18
12519	18
12523	18
12526	18
12529	12
12529	13
12529	16
12551	21
12556	21
12558	16
12560	21
12561	21
12564	16
12564	21
12568	21
12570	16
12573	16
12573	21
12574	21
12575	21
12576	16
12576	21
12577	21
12579	16
12579	21
12580	16
12583	16
12583	21
12584	21
12587	16
12587	21
12589	21
12590	16
12590	21
12591	21
12592	16
12618	18
12619	18
12620	18
12624	18
12625	18
12626	18
12627	18
12628	18
12629	18
12630	18
12631	18
12633	18
12634	18
12635	18
12637	18
12642	18
12643	18
12644	18
12645	18
12647	18
12649	18
12650	18
12651	18
12654	18
12656	18
12662	18
12667	18
12678	18
12682	18
12683	18
12687	18
12688	18
12689	18
12690	18
12691	18
12695	18
12696	18
12697	18
12699	18
12700	18
12703	13
12703	18
12707	18
12708	18
12709	18
12710	18
12711	18
12713	18
12724	18
12725	18
12726	13
12726	18
12727	18
12728	18
12729	18
12730	18
12731	18
12732	18
12733	18
12734	18
12735	18
12736	18
12737	18
12738	18
12739	18
12741	18
12742	18
12743	18
12744	18
12745	18
12746	18
12747	18
12748	18
12749	18
12750	18
12751	18
12752	18
12753	18
12756	18
12758	18
12759	18
12760	18
12761	18
12762	18
12763	18
12764	18
12765	18
12766	18
12767	18
12768	18
12769	18
12770	18
12771	18
12772	18
12773	18
12774	18
12775	18
12776	18
12777	18
12778	18
12779	18
12780	18
12781	18
12782	18
12783	18
12784	18
12785	18
12786	18
12787	18
12788	18
12789	18
12790	18
12791	18
12792	18
12793	18
12794	18
12795	18
12796	18
12797	18
12798	18
12799	18
12800	18
12801	18
12802	18
12803	18
12804	18
12805	18
12806	18
12807	18
12808	18
12809	18
12810	18
12811	18
12813	18
12814	18
12816	18
12817	18
12818	18
12819	18
12820	18
12821	18
12822	18
12823	18
12824	18
12825	18
12826	18
12827	18
12828	18
12831	18
12832	18
12833	18
12834	18
12835	18
12836	18
12837	18
12838	18
12839	18
12840	18
12841	18
12842	18
12843	18
12844	18
12845	18
12846	18
12847	18
12848	18
12849	18
12850	18
12851	18
12852	18
12853	18
12854	18
12855	18
12856	18
12857	18
12858	18
12859	18
12860	18
12861	18
12862	18
12863	18
12864	18
12865	18
12866	18
12867	18
12868	18
12869	18
12870	18
12871	18
12872	18
12873	18
12874	18
12875	18
12876	18
12877	18
12878	18
12879	18
12880	18
12881	18
12882	18
12883	18
12884	18
12885	18
12886	18
12888	18
12889	18
12890	18
12891	18
12892	18
12893	18
12894	18
12895	18
12896	18
12897	18
12898	18
12899	18
12900	18
12901	18
12902	18
12903	18
12904	18
12905	18
12906	18
12907	18
12908	18
12909	18
12910	18
12911	18
12912	18
12913	18
12914	18
12915	18
12916	18
12917	18
12918	18
12920	18
12921	18
12922	18
12923	18
12924	18
12925	18
12926	18
12927	18
12928	18
12929	18
12930	18
12931	18
12932	18
12933	18
12934	18
12935	18
12936	18
12937	18
12938	18
12939	18
12940	18
12941	18
12942	18
12943	18
12944	18
12945	18
12946	18
12947	18
12948	18
12949	18
12950	18
12951	18
12952	18
12953	18
12954	18
12955	18
12956	18
12957	18
12958	18
12959	18
12960	18
12961	18
12962	18
12963	18
12964	18
12965	18
12966	18
12967	18
12968	18
12969	18
12970	18
12971	18
12972	18
12973	18
12974	18
12975	18
12976	18
12977	18
12978	18
12979	18
12980	18
12981	18
12982	18
12983	18
12984	18
12985	18
12986	18
12988	18
12989	18
12990	18
12991	18
12992	18
12993	18
12994	18
12995	18
12996	18
12997	18
12998	18
12999	18
13000	18
13001	18
13002	18
13003	18
13004	18
13005	18
13006	18
13007	18
13009	18
13010	18
13011	12
13011	13
13011	14
13011	18
13012	18
13013	18
13014	18
13015	18
13016	18
13017	18
13018	18
13019	18
13020	18
13021	18
13022	18
13023	18
13024	18
13025	18
13026	18
13027	18
13028	18
13029	18
13030	18
13031	18
13032	18
13033	18
13034	18
13035	18
13036	18
13037	18
13038	18
13039	18
13040	18
13041	18
13042	18
13043	18
13044	18
13045	18
13046	18
13047	18
13049	18
13050	18
13051	18
13052	18
13053	18
13054	18
13055	18
13056	18
13057	18
13058	18
13059	18
13060	18
13061	18
13062	18
13063	18
13064	18
13065	18
13066	18
13067	18
13068	18
13069	18
13070	18
13071	18
13072	18
13073	18
13074	18
13075	18
13077	18
13078	18
13079	18
13080	18
13081	18
13082	18
13083	18
13084	18
13085	18
13086	18
13087	18
13088	18
13089	18
13090	18
13091	18
13092	18
13093	18
13094	18
13095	18
13096	18
13097	18
13098	18
13099	18
13100	18
13101	18
13102	18
13103	18
13104	18
13105	18
13106	18
13107	18
13108	18
13109	18
13110	18
13111	18
13112	18
13113	18
13114	18
13115	18
13116	18
13117	18
13118	18
13119	18
13120	18
13121	18
13122	18
13123	18
13124	18
13125	18
13126	18
13127	18
13128	18
13129	18
13130	18
13131	18
13132	18
13133	18
13134	18
13135	18
13136	18
13137	18
13138	18
13140	18
13141	18
13142	18
13143	18
13144	18
13145	18
13146	18
13147	18
13150	18
13151	18
13152	18
13153	18
13154	18
13155	18
13156	18
13157	18
13158	18
13159	18
13160	18
13161	18
13162	18
13163	18
13165	18
13166	18
13170	18
13171	18
13172	18
13173	18
13174	18
13175	18
13176	18
13177	18
13178	18
13180	13
13183	18
13185	8
13185	9
13185	14
13185	18
13188	18
13189	18
13193	18
13194	18
13195	18
13196	18
13197	18
13198	18
13199	18
13200	18
13201	18
13202	8
13202	10
13202	13
13202	14
13202	18
13205	18
13206	18
13208	18
13209	18
13210	18
13211	18
13212	18
13213	18
13214	18
13235	18
13239	18
13246	18
13247	18
13248	18
13252	18
13253	18
13254	18
13255	18
13257	18
13258	18
13259	18
13260	18
13264	18
13265	18
13266	13
13279	18
13281	18
13283	18
13287	13
13287	18
13289	13
13289	18
13290	10
13290	17
13290	18
13299	18
13300	18
13301	18
13302	18
13303	18
13304	18
13305	18
13306	18
13307	12
13307	13
13307	18
13312	18
13313	12
13313	18
13317	18
13319	18
13320	18
13321	18
13322	18
13323	18
13324	18
13325	18
13327	18
13336	18
13341	18
13344	18
13345	18
13346	18
13356	18
13357	18
13358	18
13359	18
13360	18
13361	18
13362	18
13363	18
13364	18
13365	18
13366	18
13367	18
13368	18
13369	18
13370	18
13373	18
13377	18
13378	18
13379	18
13387	18
13412	18
13414	18
13415	18
13418	18
13428	18
13431	13
13436	13
13445	18
13448	18
13649	10
13986	7
13986	18
13987	6
13990	13
13995	13
13995	18
13997	18
13998	18
14002	6
14004	18
14005	18
14010	13
14010	18
14013	18
14018	10
14018	18
14027	18
14028	18
14033	18
14040	18
14042	18
14084	18
14085	18
14088	18
14089	18
14092	18
14093	18
14137	7
14139	15
14139	17
14146	7
14171	18
14172	18
14173	18
14174	18
14175	18
14186	18
14190	13
14190	18
14191	18
14194	18
14195	12
14195	18
14215	19
14217	18
14225	18
14231	13
14231	18
14232	18
14233	18
14234	18
14235	18
14236	18
14237	18
14244	18
14245	18
14250	18
14252	18
14268	13
14268	18
14270	13
14270	18
14289	18
14292	18
14293	18
14295	18
14296	18
14297	18
14298	10
14298	14
14298	18
14299	18
14305	18
14306	8
14306	9
14306	15
14306	18
14307	18
14309	18
14310	18
14313	18
14317	18
14318	13
14326	18
14328	18
14329	18
14331	18
14334	18
14340	10
14340	18
14342	18
14343	18
14344	18
14345	18
14346	18
14347	18
14348	18
14349	18
14350	18
14351	18
14352	18
14353	18
14354	18
14355	18
14356	18
14371	18
14374	8
14374	9
14374	10
14374	12
14374	13
14374	14
14374	17
14374	18
14382	18
14383	18
14384	18
14385	18
14386	18
14392	18
14393	18
14394	18
14395	18
14396	18
14397	18
14398	18
14405	18
14406	18
14407	18
14408	18
14410	18
14421	18
14425	18
14426	18
14432	18
14440	18
14443	18
14444	18
14445	18
14446	18
14447	18
14448	10
14448	13
14448	14
14448	18
14449	13
14449	18
14465	18
14466	18
14467	18
14472	18
14474	18
14477	18
14478	18
14514	10
14514	12
14514	18
14518	18
14519	18
14520	18
14521	18
14522	18
14523	18
14529	18
14535	18
14537	18
14538	18
14540	18
14541	18
14543	18
14544	18
14545	18
14546	18
14547	18
14554	8
14554	9
14554	13
14554	17
14555	13
14555	18
14556	18
14557	18
14558	13
14561	18
14562	8
14562	18
14563	15
14573	8
14573	9
14574	9
14600	18
14605	18
14606	18
14607	18
14608	13
14609	18
14617	18
14632	18
14635	13
14635	14
14635	18
14640	18
14649	18
14650	18
14652	18
14664	18
14667	18
14668	18
14676	18
14679	18
14688	18
14691	18
14692	18
14693	18
14694	18
14699	18
14700	18
14702	18
14703	18
14715	18
14716	18
14717	18
14718	18
14719	18
14721	18
14723	18
14724	18
14725	18
14726	18
14730	18
14731	18
14732	18
14733	18
14734	18
14735	18
14736	18
14737	18
14738	18
14739	18
14740	18
14742	18
14743	18
14744	18
14759	13
14759	18
14762	18
14764	18
14765	16
14766	13
14771	13
14776	18
14777	18
14781	18
14782	18
14783	18
14787	10
14787	18
14811	18
14821	18
14825	18
14849	18
14868	18
14869	18
14878	18
14879	18
14880	18
14881	18
14882	18
14883	18
14884	18
14885	18
14886	18
14887	18
14888	18
14889	18
14890	18
14891	18
14892	18
14893	18
14894	18
14895	18
14896	18
14897	18
14898	18
14899	18
14900	18
14901	18
14902	18
14903	18
14904	18
14905	18
14906	18
14907	18
14908	18
14909	18
14910	18
14911	18
14956	13
14956	18
14970	13
14970	18
14980	13
14984	18
14985	18
14994	18
14995	18
14996	18
14997	18
14998	18
14999	18
15000	18
15001	18
15002	18
15003	13
15003	18
15004	18
15031	18
15035	18
15036	18
15037	18
15038	18
15039	18
15040	13
15040	18
15041	18
15045	18
15050	18
15052	18
15054	18
15062	13
15081	12
15081	13
15081	18
15093	13
15096	13
15096	18
15111	18
15112	18
15113	18
15114	18
15118	13
15140	18
15142	13
15149	13
15157	18
15161	13
15172	13
15173	18
15190	18
15191	18
15194	18
15209	13
15218	4
15219	4
15220	4
15229	18
15244	18
15248	13
15265	18
15266	18
15270	18
15276	18
15277	18
15278	18
15279	18
15280	18
15281	18
15282	18
15283	18
15284	18
15286	13
15290	13
15292	13
15301	18
15302	13
15317	18
15355	18
15358	18
15361	18
15362	18
15363	18
15364	18
15365	18
15366	18
15367	18
15368	18
15369	18
15370	13
15371	18
15372	18
15373	18
15374	18
15375	18
15379	18
15382	18
15401	18
15403	18
15409	13
15434	17
15434	18
15437	18
15438	18
15439	18
15441	13
15441	18
15442	18
15444	13
15444	18
15445	18
15446	18
15455	18
15490	18
15491	18
15504	13
15504	18
15505	18
15506	18
15507	18
15535	13
15537	18
15538	18
15540	18
15549	18
15553	13
15556	18
15558	18
15559	18
15593	18
15593	19
15606	7
15608	7
15620	18
15670	13
15670	18
15677	13
15677	18
15697	18
15698	18
15699	18
15983	18
15990	18
15996	12
15996	13
15996	18
16002	18
16006	13
16072	13
16104	18
16105	18
16114	7
16115	7
16116	7
16141	18
16165	13
16167	5
16167	6
16191	13
16194	10
16194	17
16197	18
16206	8
16206	9
16206	10
16206	12
16206	13
16206	17
16206	18
16207	18
16210	17
16248	18
16278	18
16310	13
16336	18
16337	18
16401	13
16415	18
16418	18
16427	13
16451	18
16457	13
16465	18
16466	18
16467	18
16468	18
16469	18
16470	18
16482	13
16507	13
16508	8
16508	13
16508	18
16510	18
16511	18
16518	18
16519	18
16520	18
16521	18
16529	18
16540	18
16548	17
16551	18
16552	18
16553	18
16554	18
16555	18
16556	18
16557	18
16558	18
16559	18
16560	18
16561	18
16562	18
16563	18
16564	18
16565	18
16566	18
16769	18
16784	17
16784	18
16788	18
16840	18
16875	18
16876	18
16877	18
16881	18
16930	18
16944	18
16946	18
16948	18
16950	18
16973	18
16980	18
16985	13
16985	18
16987	13
16987	18
16988	18
16989	18
16990	18
16993	13
17016	18
17017	18
17018	18
17031	18
17032	18
17038	17
17048	18
17049	18
17050	18
17051	18
17054	18
17056	13
17062	18
17063	18
17064	18
17065	18
17066	18
17067	18
17068	18
17070	18
17071	18
17094	13
17099	18
17130	18
17189	18
17197	13
17197	18
17212	13
17214	18
17215	18
17216	18
17234	18
17252	13
17261	18
17264	5
17264	6
17277	18
17289	18
17292	18
17300	18
17301	18
17304	18
17306	18
17307	18
17308	18
17319	18
17320	18
17321	18
17327	18
17328	18
17343	18
17355	18
17356	18
17357	18
17358	18
17384	18
17385	18
17386	18
17388	18
17389	18
17394	18
17461	18
17462	18
17464	18
17494	18
17496	18
17498	18
17502	18
17503	18
17504	18
17505	18
17508	18
17509	18
17510	18
17511	18
17512	18
17554	18
17555	18
17579	18
17580	18
17581	18
17611	18
17612	18
17613	18
17637	5
17637	6
17637	18
17638	18
17640	6
17640	18
17641	18
17642	18
17646	6
17648	6
17648	18
17659	18
17660	18
17662	18
17663	18
17665	18
17666	18
17675	18
17678	18
17681	18
17690	18
17692	18
17693	18
17706	18
17746	19
17753	19
17759	18
17760	18
17856	18
17859	18
17860	18
17861	18
17864	18
17870	18
18031	18
18032	18
18033	18
18034	18
18035	18
18036	18
18037	18
18038	18
18048	18
18049	18
18061	12
18061	18
18062	12
18062	18
18068	18
18069	18
18071	18
18077	18
18078	18
18079	18
18190	18
18191	18
18192	18
18193	18
18201	18
18210	18
18212	18
18225	18
18260	18
18261	18
18288	8
18303	18
18304	18
18305	18
18306	18
18325	10
18333	18
18352	18
18401	18
18402	18
18405	18
18433	18
18434	18
18472	18
18474	18
18584	18
18602	18
18607	18
18608	13
18608	18
18610	18
18611	18
18623	18
18626	10
18626	18
18629	18
18639	18
18640	10
18640	18
18645	18
18693	18
18706	18
18736	18
19062	13
19191	18
19192	18
19193	18
19194	13
19202	18
19209	18
19210	18
19211	18
19214	18
19215	18
19232	18
19233	18
19237	13
19237	18
19240	18
19270	18
19271	18
19272	18
19273	18
19274	18
19275	18
19927	18
20021	18
20022	18
20368	18
20648	21
20649	21
20650	21
20651	21
20652	21
20653	21
20654	21
20655	21
20656	21
20657	21
20658	21
20659	21
20660	21
20661	21
20662	16
20662	21
20663	21
20664	21
20665	16
20665	21
20666	21
20667	21
20668	21
20669	21
20670	21
20671	21
20672	16
20672	21
20673	21
20675	21
20676	21
20677	21
20678	21
20679	21
20680	21
20681	21
20682	21
20683	21
20684	21
20685	21
20686	21
20687	21
20688	21
20689	21
20690	21
20691	21
20692	21
20693	21
20694	21
20695	21
20696	21
20697	21
20698	21
20699	21
20700	21
20701	21
20702	21
20703	21
20704	21
20705	21
20706	21
20707	21
20708	21
20709	21
20710	21
20711	21
20712	21
20713	21
20714	21
20715	21
20716	21
20717	21
20718	21
20719	21
20720	21
20721	21
20722	21
20723	21
20724	21
20725	21
20726	21
20727	21
20728	21
20729	21
20730	21
20731	21
20732	21
20733	21
20734	21
20736	21
20737	21
20738	21
20739	21
20740	21
20741	21
20742	21
20743	21
20744	21
20745	21
20746	21
20747	21
20748	21
20749	21
20750	21
20751	21
20752	21
20753	21
20754	21
20755	21
20756	21
20757	21
20758	21
20759	21
20760	21
20761	21
20762	21
20763	21
20764	21
20765	21
20766	21
20767	21
20768	21
20769	21
20770	21
20771	21
20775	16
20779	21
20780	21
20788	21
20791	21
20794	21
20797	21
20798	16
20798	21
20808	21
20816	16
20816	21
20817	21
20818	21
20821	21
20822	21
20823	21
20824	21
20826	21
20827	21
20828	21
20829	21
20830	21
20831	21
20833	21
20834	21
20841	21
20843	21
20847	16
20848	21
20850	21
20869	18
20872	10
20872	13
20872	18
20884	8
20890	14
20890	18
20902	18
20923	18
20924	18
20934	18
20935	18
20936	18
20937	18
20938	18
20939	13
20939	18
20941	18
20942	18
20944	18
20948	13
20948	18
20959	18
20960	18
20966	18
20967	18
20968	18
20971	18
20973	18
20974	18
20975	18
20976	18
20977	18
21005	18
21006	18
21007	18
21010	18
21011	18
21012	18
21013	18
21017	18
21018	13
21026	18
21031	18
21033	18
21036	18
21037	18
21038	18
21039	18
21040	18
21043	13
21045	18
21046	18
21050	18
21051	18
21053	18
21054	18
21055	18
21056	18
21057	13
21057	18
21058	18
21059	18
21060	18
21061	18
21062	18
21063	18
21064	18
21065	18
21066	18
21067	18
21068	18
21069	18
21070	18
21071	18
21072	18
21073	18
21074	18
21075	18
21076	18
21077	18
21078	18
21079	18
21080	18
21081	18
21082	18
21083	18
21084	18
21085	18
21086	18
21087	18
21088	18
21089	18
21090	18
21091	18
21092	18
21093	18
21094	18
21095	18
21096	18
21098	7
21098	8
21098	9
21098	17
21098	18
21118	18
21118	19
21119	18
21120	18
21121	18
21130	17
21130	18
21131	18
21132	18
21133	18
21134	18
21136	18
21141	17
21142	17
21143	18
21144	18
21145	13
21145	18
21146	18
21148	18
21150	18
21154	18
21167	18
21169	13
21170	18
21179	18
21180	18
21181	18
21182	18
21183	18
21189	18
21190	18
21191	18
21194	18
21203	18
21204	18
21205	18
21206	18
21207	18
21208	18
21214	18
21215	18
21216	18
21217	18
21218	18
21219	18
21220	18
21221	18
21222	18
21223	18
21224	18
21225	18
21226	18
21227	18
21228	18
21229	18
21230	18
21231	18
21232	18
21233	18
21234	18
21235	18
21236	18
21237	18
21238	18
21239	18
21240	18
21242	18
21252	18
21256	18
21257	18
21258	18
21259	18
21260	18
21261	18
21262	18
21269	18
21270	18
21271	18
21272	18
21282	18
21283	18
21284	18
21285	18
21289	18
21290	18
21291	18
21292	18
21293	18
21294	18
21295	18
21296	18
21297	18
21298	13
21298	18
21300	18
21303	13
21303	18
21304	18
21305	18
21307	18
21308	18
21309	18
21310	18
21311	18
21312	18
21313	18
21314	18
21315	18
21387	18
21392	18
21393	18
21394	18
21395	18
21396	18
21397	18
21403	18
21407	18
21408	18
21409	18
21411	13
21415	13
21419	18
21420	18
21421	18
21422	12
21422	13
21422	18
21423	18
21425	18
21426	13
21433	18
21438	10
21438	12
21438	18
21439	18
21440	17
21440	18
21443	12
21443	13
21443	18
21444	18
21446	13
21447	18
21448	18
21451	13
21452	18
21453	18
21454	18
21455	18
21456	13
21456	18
21457	18
21459	18
21460	18
21471	6
21472	6
21473	6
21474	6
21485	18
21525	6
21526	6
21532	6
21538	18
21539	6
21539	7
21539	9
21539	13
21539	18
21545	18
21551	18
21552	18
21553	18
21554	18
21555	18
21556	18
21560	18
21565	18
21566	18
21567	18
21568	18
21569	18
21570	18
21571	18
21585	18
21586	18
21587	18
21588	18
21589	18
21590	18
21600	18
21601	18
21604	18
21605	18
21606	18
21607	18
21608	18
21609	18
21610	18
21617	18
21628	18
21630	18
21636	13
21636	18
21637	18
21638	18
21639	18
21640	18
21641	18
21642	18
21643	18
21644	18
21645	18
21646	18
21647	13
21652	18
21654	18
21655	18
21656	18
21657	18
21658	18
21659	18
21660	18
21661	18
21662	18
21663	18
21664	18
21665	18
21666	18
21667	18
21668	18
21669	18
21670	18
21671	18
21672	18
21673	18
21674	18
21675	18
21676	18
21677	18
21678	18
21679	18
21680	18
21681	18
21682	18
21683	18
21684	18
21685	18
21686	18
21687	18
21689	18
21691	18
21692	18
21693	18
21694	18
21695	18
21697	18
21698	18
21699	18
21700	18
21701	13
21701	18
21702	18
21703	18
21705	18
21706	18
21707	18
21708	18
21709	18
21710	18
21711	18
21712	18
21713	18
21714	18
21716	18
21718	18
21719	18
21722	13
21722	18
21723	18
21724	18
21725	18
21726	18
21727	18
21728	18
21729	18
21730	18
21731	18
21732	18
21733	18
21734	18
21739	18
21740	18
21741	18
21742	18
21743	18
21744	18
21745	18
21746	18
21747	18
21748	18
21749	18
21750	18
21751	18
21752	18
21753	18
21754	18
21755	18
21756	18
21757	18
21758	18
21759	18
21760	18
21761	18
21762	18
21764	18
21766	18
21767	18
21768	18
21769	18
21770	18
21771	18
21772	18
21773	18
21774	18
21775	18
21776	18
21777	18
21778	18
21779	18
21780	18
21781	18
21782	18
21783	18
21784	18
21785	18
21786	18
21795	18
21796	18
21797	18
21798	18
21799	18
21806	13
21806	18
21830	13
21830	18
21831	18
21832	18
21833	18
21834	13
21843	18
21844	18
21845	18
21846	18
21847	18
21848	18
21853	18
21867	13
21867	18
21869	18
21880	18
21886	18
21887	18
21888	18
21891	18
21893	18
21894	18
21895	13
21895	18
21896	18
21897	18
21898	18
21899	18
21900	18
21901	18
21902	13
21902	18
21903	18
21904	18
21905	18
21906	18
21907	18
21909	18
21910	18
21919	18
21920	18
21921	18
21930	18
21936	18
21937	17
21943	18
21944	18
21950	18
21951	18
21956	13
21956	18
21957	18
21958	18
21959	10
21959	13
21959	17
21959	18
21960	18
21961	18
21962	13
21962	18
21963	18
21964	18
21965	18
21966	18
21967	18
21968	13
21968	18
21969	18
21970	13
21970	18
21987	18
21995	18
21998	18
21999	18
22000	18
22001	18
22012	18
22013	10
22013	13
22013	18
22014	18
22015	18
22016	13
22016	18
22017	13
22017	18
22018	13
22018	18
22020	10
22020	13
22020	18
22021	13
22021	18
22025	18
22028	18
22029	18
22032	18
22038	18
22039	18
22040	13
22047	18
22048	18
22066	18
22067	18
22068	18
22069	18
22070	18
22121	13
22142	18
22143	18
22144	18
22145	18
22148	18
22149	18
22168	13
22168	18
22169	18
22170	18
22191	18
22198	13
22198	18
22199	18
22200	18
22201	13
22201	18
22202	18
22203	18
22204	13
22204	18
22206	18
22213	18
22222	18
22223	18
22225	10
22225	13
22225	18
22234	18
22238	18
22239	18
22240	18
22243	18
22249	13
22249	18
22250	13
22250	18
22252	13
22263	13
22279	13
22279	18
22285	18
22295	17
22295	18
22297	18
22301	18
22302	18
22314	18
22315	18
22317	18
22318	18
22332	18
22342	18
22343	13
22344	18
22345	18
22346	18
22347	18
22355	13
22355	18
22363	18
22375	18
22376	18
22382	18
22383	18
22388	18
22389	18
22390	18
22392	18
22393	18
22394	18
22395	18
22396	18
22397	18
22399	18
22400	18
22401	18
22406	18
22407	18
22408	18
22409	18
22410	18
22411	18
22412	18
22413	18
22414	18
22415	18
22416	18
22433	18
22434	18
22436	18
22437	18
22438	18
22439	18
22441	18
22442	18
22443	18
22460	18
22462	18
22463	18
22464	18
22465	18
22466	18
22467	18
22468	18
22469	18
22470	18
22471	18
22472	18
22473	18
22474	18
22475	18
22476	18
22477	18
22478	18
22479	18
22480	18
22481	18
22482	18
22483	18
22483	19
22484	18
22485	18
22489	18
22490	18
22491	18
22492	18
22493	18
22494	18
22495	18
22496	18
22497	18
22498	18
22499	18
22500	18
22501	18
22502	18
22503	18
22504	18
22505	18
22506	18
22507	18
22508	18
22509	18
22510	18
22511	18
22512	18
22513	18
22514	18
22515	18
22516	18
22517	18
22518	18
22519	18
22520	18
22521	18
22522	18
22523	18
22524	18
22525	18
22526	18
22527	18
22528	18
22529	18
22530	18
22531	18
22532	18
22533	18
22534	18
22535	18
22536	18
22537	18
22538	18
22539	18
22540	18
22541	18
22542	18
22543	18
22544	18
22545	18
22546	18
22547	18
22548	18
22549	18
22550	18
22551	18
22552	18
22553	18
22554	18
22555	18
22556	18
22557	18
22558	18
22559	18
22560	18
22561	18
22562	18
22563	18
22564	18
22565	18
22566	18
22567	18
22568	18
22569	18
22570	18
22571	18
22572	18
22573	18
22574	18
22575	18
22576	18
22580	18
22581	18
22582	18
22583	18
22584	18
22585	18
22586	18
22587	18
22588	18
22589	18
22590	18
22591	18
22592	18
22593	18
22594	18
22595	18
22596	18
22597	18
22598	18
22599	18
22600	18
22601	18
22602	18
22603	18
22604	18
22605	18
22606	18
22607	18
22608	18
22609	18
22610	18
22611	18
22612	18
22613	18
22614	18
22615	18
22616	18
22617	18
22618	18
22619	18
22620	18
22621	18
22622	18
22623	18
22624	18
22625	18
22626	18
22627	18
22628	18
22629	18
22630	18
22631	18
22632	18
22633	18
22634	18
22635	18
22636	18
22638	18
22639	18
22640	18
22641	18
22642	18
22646	18
22647	18
22648	18
22649	18
22650	18
22651	18
22652	18
22653	18
22654	18
22655	18
22656	18
22657	18
22658	18
22659	18
22660	18
22661	18
22672	18
22673	12
22673	17
22685	18
22687	18
22692	18
22694	18
22695	18
22696	18
22697	18
22698	18
22699	18
22700	18
22702	18
22703	18
22704	18
22738	18
22739	18
22740	18
22741	18
22742	18
22743	18
22745	18
22746	18
22748	18
22749	18
22768	18
22770	18
22771	18
22772	18
22774	18
22775	18
22776	18
22777	18
22778	18
22779	18
22780	18
22781	18
22782	18
22783	18
22786	18
22787	18
22788	18
22789	18
22790	18
22791	18
22795	18
22797	18
22799	18
22800	18
22802	18
22803	18
22804	18
22805	18
22807	18
22808	18
22809	18
22810	18
22811	18
22813	18
22814	18
22815	18
22816	18
22817	18
22818	18
22819	18
22820	18
22821	18
22829	6
22829	18
22830	18
22831	18
22836	18
22837	18
22838	18
22839	18
22840	18
22845	18
22846	18
22848	18
22849	18
22850	18
22851	18
22852	18
22853	18
22854	18
22855	18
22856	18
22857	18
22858	18
22859	18
22860	18
22861	18
22862	18
22865	18
22866	18
22867	18
22868	18
22869	18
22870	18
22871	18
22872	18
22873	18
22874	18
22875	18
22877	18
22878	18
22879	18
22880	18
22881	18
22882	18
22886	18
22893	18
22894	18
22895	18
22896	18
22897	18
22898	18
22899	18
22900	18
22901	18
22902	18
22903	18
22905	18
22906	18
22907	18
22908	18
22912	18
22913	18
22914	18
22915	18
22916	18
22917	18
22918	18
22919	18
22920	18
22921	18
22924	18
22927	18
22928	18
22929	18
22930	18
22931	18
22932	18
22944	6
22949	18
22950	18
22954	18
22955	18
22956	18
22958	18
22962	13
22962	18
22963	13
22963	18
22967	18
22972	18
22973	18
22974	18
22980	13
22980	18
22982	18
22985	18
22987	18
22989	18
22990	18
22992	18
22994	18
22995	18
22996	18
22997	18
22998	18
23000	18
23002	18
23004	18
23006	10
23006	12
23021	13
23070	18
23071	18
23097	18
23101	18
23114	18
23119	18
23120	18
23121	18
23122	18
23123	18
23124	18
23125	18
23126	18
23127	18
23128	18
23129	18
23130	18
23131	18
23132	18
23133	18
23134	18
23136	9
23136	13
23136	18
23137	5
23137	6
23137	18
23138	5
23138	6
23138	18
23139	5
23139	6
23139	18
23140	5
23140	6
23141	5
23141	6
23141	18
23142	5
23142	6
23142	18
23143	5
23143	6
23143	18
23144	5
23144	6
23144	18
23145	5
23145	6
23146	5
23146	6
23147	5
23147	6
23148	5
23148	6
23149	5
23149	6
23150	5
23150	6
23150	18
23151	5
23151	6
23152	5
23152	6
23152	18
23153	5
23153	6
23153	18
23154	5
23154	6
23154	18
23155	5
23155	6
23156	5
23156	6
23157	5
23157	6
23158	5
23158	6
23158	18
23159	5
23159	6
23159	18
23160	5
23160	6
23160	18
23161	6
23161	18
23162	5
23162	6
23163	5
23163	6
23164	5
23164	6
23165	5
23165	6
23166	5
23166	6
23167	5
23167	6
23168	5
23168	6
23169	5
23169	6
23170	5
23170	6
23171	5
23171	6
23172	5
23172	6
23174	5
23174	6
23174	18
23175	6
23175	18
23176	5
23176	6
23176	18
23177	5
23177	6
23177	18
23178	5
23178	6
23178	18
23179	5
23179	6
23179	13
23179	18
23244	18
23248	18
23250	18
23265	18
23373	18
23374	18
23375	18
23395	18
23470	18
23471	18
23472	18
23473	18
23474	18
23495	21
23497	21
23499	21
23540	21
23544	6
23554	7
23557	6
23578	18
23579	18
23580	18
23581	18
23582	18
23583	18
23584	18
23588	18
23589	18
23592	18
23596	18
23597	18
23691	18
23694	18
23702	18
23707	18
23714	18
23715	18
23716	18
23717	18
23718	18
23719	18
23720	18
23735	18
23739	13
23740	13
23743	18
23744	8
23744	9
23744	12
23744	13
23744	14
23744	18
23745	18
23746	18
23747	18
23764	13
23785	18
23786	18
23787	18
23788	13
23788	18
23789	13
23789	18
23790	13
23790	18
23793	18
23797	13
23797	18
23798	18
23799	18
23800	18
23802	18
23803	18
23804	18
23805	18
23806	18
23807	13
23807	18
23808	13
23808	18
23809	18
23810	18
23811	18
23812	18
23813	18
23814	18
23815	18
23816	18
23817	18
23818	18
23819	18
23820	18
23821	18
23822	18
23823	18
23824	13
23824	18
23825	18
23826	13
23826	18
23827	18
23828	13
23828	18
23829	18
23830	18
23831	18
23832	18
23833	18
23838	13
23845	18
23846	18
23847	18
23848	18
23849	18
23852	18
23872	18
23873	18
23874	18
23875	18
23876	18
23877	18
23877	19
23881	18
23882	8
23882	9
23882	12
23882	13
23882	17
23882	18
23886	18
23887	18
23888	18
23889	18
23975	18
23983	18
23984	18
23986	18
23999	18
24000	18
24001	18
24002	18
24021	13
24027	18
24030	18
24031	18
24032	18
24033	18
24034	18
24035	18
24036	18
24042	13
24042	18
24087	19
24092	18
24094	18
24115	18
24136	18
24137	18
24138	18
24255	18
24258	18
24260	18
24261	18
24263	18
24268	18
24269	18
24270	18
24273	18
24274	18
24275	18
24286	18
24287	18
24288	18
24289	18
24296	18
24297	18
24321	18
24322	18
24339	18
24341	18
24342	18
24343	18
24344	18
24350	18
24351	18
24356	18
24357	18
24380	18
24381	18
24382	18
24383	18
24384	18
24385	18
24400	18
24401	18
24416	18
24417	18
24418	18
24419	18
24420	18
24421	18
24425	18
24426	18
24427	18
24428	18
24429	18
24430	18
24433	18
24434	18
24436	18
24437	18
24438	18
24441	18
24442	18
24449	18
24450	18
24451	18
24453	18
24454	18
24455	18
24459	18
24460	18
24461	18
24487	18
24488	18
24489	18
24490	18
24491	18
24492	18
24493	18
24494	18
24498	18
24499	18
24501	18
24502	18
24504	18
24523	18
24524	18
24533	18
24534	18
24537	18
24538	18
24539	12
24539	18
24540	18
24541	18
24542	18
24543	18
24544	12
24544	18
24545	18
24546	18
24547	18
24548	18
24549	18
24550	18
24551	18
24552	18
24553	18
24554	18
24555	18
24556	18
24557	18
24558	18
24559	18
24560	18
24561	18
24562	18
24563	18
24564	18
24565	18
24566	18
24567	18
24568	18
24569	18
24570	18
24571	18
24572	18
24573	18
24574	18
24575	18
24576	18
24577	18
24578	18
24579	18
24580	18
24581	18
24582	18
24583	18
24584	18
24585	18
24586	18
24587	18
24588	18
24589	18
24590	18
24591	18
24592	18
24593	18
24594	18
24595	18
24596	18
24597	18
24598	18
24599	18
24600	18
24601	18
24602	18
24603	18
24604	18
24605	18
24606	18
24607	18
24608	18
24609	18
24610	18
24611	18
24612	18
24613	18
24614	18
24615	18
24616	18
24617	18
24618	18
24619	18
24620	18
24621	18
24622	18
24623	18
24624	18
24625	18
24626	18
24627	18
24628	18
24629	18
24630	18
24631	18
24632	18
24633	18
24634	18
24635	18
24636	18
24637	18
24638	18
24639	18
24640	18
24641	18
24643	18
24645	18
24646	18
24647	18
24649	18
24650	18
24652	18
24653	18
24654	18
24655	18
24656	18
24657	18
24658	18
24659	18
24660	18
24666	18
24667	18
24670	18
24671	18
24672	18
24673	18
24674	18
24675	18
24676	18
24677	18
24678	18
24679	18
24680	18
24681	18
24682	18
24683	18
24684	18
24685	18
24686	18
24687	18
24688	18
24689	18
24690	18
24691	18
24692	18
24693	18
24694	18
24695	18
24696	18
24697	18
24698	18
24699	18
24700	18
24701	18
24702	18
24703	18
24706	18
24707	18
24709	18
24711	18
24712	18
24713	18
24714	18
24715	18
24716	18
24717	18
24718	18
24719	18
24720	18
24721	18
24723	18
24724	18
24725	18
24726	18
24727	18
24728	18
24729	18
24730	18
24731	18
24732	18
24733	18
24734	18
24735	18
24736	18
24738	18
24740	18
24742	18
24745	18
24746	18
24749	18
24754	18
24756	18
24757	18
24758	18
24759	18
24760	18
24761	18
24764	18
24766	18
24768	18
24770	18
24773	18
24775	18
24777	18
24779	18
24781	18
24782	18
24783	18
24784	18
24785	18
24786	18
24787	18
24788	18
24789	18
24790	18
24791	18
24792	18
24793	18
24794	18
24795	18
24796	18
24797	18
24798	18
24799	18
24800	18
24802	18
24803	18
24804	18
24805	18
24806	18
24808	18
24810	18
24812	18
24814	18
24815	18
24816	18
24817	18
24818	18
24819	18
24820	18
24821	18
24822	18
24823	18
24824	18
24825	18
24826	18
24827	18
24828	18
24829	18
24830	18
24831	18
24832	18
24833	18
24834	18
24836	18
24844	18
24845	18
24846	18
24847	18
24848	18
24849	18
24850	18
24851	18
24852	18
24854	18
24855	18
24856	18
24857	18
24858	18
24859	18
24860	18
24861	18
24862	18
24863	18
24864	18
24865	18
24866	18
24867	18
24868	18
24869	18
24870	18
24871	18
24872	18
24873	18
24874	18
24875	18
24876	18
24877	18
24878	18
24879	18
24880	18
24881	18
24882	18
24883	18
24884	18
24886	18
24887	18
24888	18
24889	18
24890	18
24891	18
24892	18
24893	18
24894	18
24895	18
24896	18
24897	18
24898	18
24899	18
24900	18
24901	18
24902	18
24903	18
24904	18
24905	18
24906	18
24907	18
24908	18
24909	18
24912	18
24913	18
24917	18
24919	18
24920	18
24921	18
24922	18
24923	18
24924	18
24925	18
24926	18
24927	18
24928	18
24936	18
24937	18
24938	18
24939	18
24940	18
24941	18
24942	18
24943	18
24944	18
24945	18
24946	18
24947	18
24948	18
24949	18
24950	18
24951	18
24952	18
24953	18
24954	18
24955	18
24956	18
24957	18
24958	18
24959	18
24960	18
24961	18
24962	18
24963	18
24964	18
24965	18
24966	18
24967	18
24968	18
24969	18
24970	18
24972	18
24973	18
24974	18
24976	18
24977	18
24978	18
24979	18
24980	18
24981	18
24982	18
24983	18
24984	18
24987	18
24988	13
24988	18
24989	18
24990	18
24991	18
24992	18
24993	18
24994	13
24994	18
24995	18
24996	18
24997	18
24998	18
24999	18
25000	18
25001	18
25002	18
25003	18
25004	18
25005	18
25006	18
25007	18
25008	18
25009	18
25010	18
25012	18
25015	18
25016	18
25017	18
25018	18
25019	18
25020	18
25021	18
25022	18
25023	18
25024	18
25025	18
25026	18
25027	18
25029	18
25030	18
25038	13
25039	18
25040	18
25052	18
25056	18
25057	18
25058	18
25060	18
25061	18
25066	18
25086	18
25087	18
25091	18
25094	19
25149	18
25150	18
25151	18
25152	18
25153	18
25176	18
25177	18
25180	18
25181	18
25182	18
25183	18
25184	18
25185	18
25186	18
25187	18
25188	18
25190	18
25191	18
25213	21
25214	16
25214	21
25217	21
25218	21
25220	16
25220	21
25224	21
25225	21
25226	21
25234	18
25240	21
25248	13
25248	21
25249	21
25253	21
25255	18
25256	18
25258	21
25261	18
25263	21
25264	21
25269	18
25270	18
25283	18
25284	18
25286	18
25287	18
25288	18
25289	18
25300	18
25301	18
25302	18
25303	18
25304	18
25310	13
25314	18
25315	18
25316	18
25324	18
25325	18
25326	18
25327	18
25328	18
25329	18
25330	18
25331	18
25334	18
25335	18
25337	18
25339	13
25339	18
25340	18
25342	18
25345	18
25346	18
25347	18
25348	18
25349	18
25350	18
25356	18
25357	18
25358	18
25359	18
25361	18
25362	18
25363	18
25364	18
25366	18
25367	18
25368	18
25369	18
25370	18
25371	18
25372	18
25373	18
25374	13
25374	18
25375	18
25376	18
25406	18
25407	18
25408	18
25409	18
25410	18
25412	18
25414	18
25421	18
25428	18
25443	18
25456	18
25458	18
25473	18
25475	18
25481	18
25482	18
25487	18
25491	18
25504	18
25524	18
25525	18
25527	18
25533	18
25538	18
25541	18
25542	18
25545	18
25546	18
25550	18
25555	18
25564	18
25566	18
25612	18
25638	18
25644	18
25654	18
25675	18
25692	18
25696	18
25706	18
25708	18
25714	18
25717	18
25720	18
25738	18
25742	18
25750	18
25754	18
25755	18
25756	18
25762	18
25763	18
25767	18
25778	18
25779	18
25787	18
25794	18
25796	18
25801	18
25803	18
25814	18
25823	18
25824	18
25827	18
25828	18
25829	18
25830	18
25831	18
25836	18
25839	18
25841	18
25843	18
25844	18
25850	18
25855	18
25863	18
25869	18
25872	18
25877	18
25878	18
25879	18
25880	18
25881	18
25882	18
25886	18
25888	18
25892	19
25893	18
25894	18
25895	18
25896	18
25897	18
25899	18
25920	18
25923	18
25929	18
25943	18
25948	18
25950	18
25951	18
25956	18
25957	18
25972	18
25973	18
25974	18
25978	18
25980	18
25984	18
25987	18
25993	18
26005	18
26008	18
26009	19
26013	18
26019	18
26023	18
26026	18
26033	18
26034	18
26037	18
26048	18
26053	18
26058	18
26060	18
26063	18
26065	18
26071	18
26082	18
26088	18
26090	18
26091	18
26095	18
26097	18
26102	18
26104	18
26113	18
26123	18
26127	18
26129	18
26130	18
26135	18
26139	18
26140	18
26153	18
26161	18
26168	18
26188	18
26189	18
26193	18
26197	18
26203	18
26205	18
26209	18
26212	18
26226	18
26228	18
26229	18
26231	18
26233	18
26236	18
26243	18
26248	18
26249	18
26255	18
26263	18
26264	18
26275	18
26277	18
26278	18
26284	18
26298	18
26302	18
26304	18
26318	18
26321	18
26328	18
26335	18
26336	18
26340	18
26344	18
26351	18
26363	18
26370	18
26379	18
26383	18
26387	18
26389	18
26411	18
26414	18
26415	18
26416	18
26420	18
26421	18
26422	18
26426	18
26427	18
26428	18
26430	12
26430	13
26430	18
26431	18
26432	18
26436	19
26451	18
26489	18
26490	18
26491	18
26533	13
26541	18
26543	18
26544	17
26547	13
26596	18
26598	18
26599	18
26614	18
26616	18
26622	13
26622	17
26623	13
26623	17
26644	18
26645	13
26645	17
26773	9
26773	18
26774	13
26774	18
26776	18
26777	18
26778	18
26780	13
26792	18
26793	18
26796	13
26796	18
26797	18
26798	18
26803	13
26803	18
26804	18
26814	13
26814	18
26822	18
26823	18
26826	18
26827	18
26852	18
26879	7
26879	18
26880	7
26881	7
26896	18
27033	13
27051	13
27134	10
27146	18
27147	10
27147	12
27147	18
27151	18
27155	18
27244	18
27247	18
27260	18
27264	18
27269	18
27273	18
27276	18
27282	18
27286	18
27291	18
27294	18
27296	18
27297	18
27300	18
27301	18
27302	18
27306	18
27313	18
27316	18
27317	18
27322	18
27324	18
27325	18
27329	18
27332	18
27338	18
27341	18
27343	18
27344	18
27347	18
27349	18
27356	18
27362	18
27364	18
27377	18
27392	18
27395	18
27398	18
27402	18
27408	18
27413	18
27414	18
27417	18
27435	18
27438	18
27450	18
27451	18
27461	18
27470	19
27474	18
27475	18
27488	18
27497	18
27500	18
27518	18
27519	18
27520	18
27526	18
27529	18
27530	18
27542	18
27550	18
27565	19
27566	18
27569	18
27573	18
27575	18
27579	18
27589	18
27596	18
27597	18
27608	18
27609	18
27624	18
27630	18
27631	18
27632	18
27632	19
27633	18
27636	18
27639	18
27640	18
27642	18
27643	18
27648	18
27653	18
27665	18
27667	18
27678	18
27681	18
27684	18
27690	18
27694	18
27695	18
27696	18
27699	18
27700	18
27701	18
27702	18
27703	18
27704	18
27705	18
27706	18
27708	18
27710	18
27711	18
27718	18
27722	18
27725	18
27726	18
27727	18
27729	18
27731	18
27732	18
27733	18
27734	18
27737	18
27738	18
27739	18
27745	18
27747	18
27752	18
27756	18
27762	18
27771	18
27774	18
27776	18
27777	18
27780	18
27781	18
27782	18
27783	18
27785	18
27787	18
27791	18
27804	18
27810	18
27812	18
27814	18
27816	18
27822	18
27823	18
27825	18
27831	18
27833	18
27834	18
27855	18
27856	18
27857	18
27858	18
27859	18
27860	18
27862	18
27865	18
27867	18
27870	18
27871	18
27872	18
27873	18
27874	18
27889	18
27890	18
27891	18
27900	18
27901	18
27912	18
27934	18
27935	18
27936	18
27943	18
27944	18
27945	18
27946	18
27947	18
27948	18
27949	18
27950	18
27951	18
27952	18
27962	18
27963	18
27964	18
27965	18
27966	13
27966	18
27967	18
27968	18
27984	18
27986	18
27987	18
27988	18
27991	18
27993	8
27993	9
27993	18
27994	18
27996	18
27997	18
27998	18
27999	18
28001	18
28010	18
28011	18
28012	13
28015	13
28015	18
28016	18
28017	18
28018	18
28019	18
28020	18
28021	18
28022	18
28023	18
28024	18
28025	18
28026	18
28051	13
28052	13
28059	13
28068	7
28068	13
28068	18
28069	18
28070	18
28071	18
28088	18
28090	18
28091	18
28096	18
28097	18
28100	18
28152	18
28153	18
28154	18
28155	18
28156	18
28157	18
28158	18
28159	18
28160	18
28161	18
28165	18
28167	18
28168	18
28169	18
28170	18
28171	18
28172	18
28173	18
28174	18
28175	18
28187	18
28203	18
28204	18
28205	18
28206	18
28209	17
28209	18
28210	18
28211	18
28212	17
28212	18
28213	18
28214	18
28215	18
28220	18
28221	18
28222	18
28223	18
28224	18
28227	18
28228	18
28234	18
28235	18
28236	18
28237	18
28239	18
28240	18
28241	18
28243	18
28244	18
28245	18
28246	18
28247	18
28248	18
28249	18
28250	18
28251	18
28252	18
28253	18
28254	18
28255	18
28256	18
28257	18
28258	18
28259	18
28260	18
28261	18
28262	18
28263	18
28264	18
28268	18
28269	18
28275	18
28276	18
28285	18
28289	18
28290	18
28302	18
28303	18
28304	18
28305	18
28306	18
28307	18
28308	18
28309	18
28310	18
28311	18
28312	18
28313	18
28315	17
28317	18
28320	18
28321	18
28322	18
28325	13
28325	18
28328	10
28328	12
28328	13
28328	15
28328	17
28328	18
28329	18
28330	18
28331	18
28332	18
28333	18
28334	18
28335	18
28336	18
28338	18
28339	18
28343	18
28344	13
28344	18
28348	18
28349	18
28352	18
28363	13
28363	18
28364	18
28367	18
28372	18
28373	18
28374	18
28378	18
28379	18
28380	18
28384	13
28384	18
28385	18
28386	13
28386	18
28387	18
28393	18
28394	18
28395	18
28396	18
28397	18
28398	18
28409	18
28410	18
28411	18
28420	10
28420	12
28420	13
28420	18
28421	18
28434	6
28435	6
28436	6
28437	15
28437	17
28438	6
28439	6
28440	6
28441	6
28442	6
28443	6
28444	6
28445	6
28446	6
28447	6
28448	6
28452	18
28454	18
28455	18
28456	18
28457	18
28461	18
28462	18
28463	18
28464	18
28467	18
28468	18
28469	18
28470	18
28479	18
28580	18
28581	18
28644	13
28644	18
28695	18
28696	18
28703	10
28703	13
28703	15
28703	17
28703	18
28704	13
28704	18
28733	18
28734	18
28735	18
28738	13
28739	13
28739	18
28747	18
28748	8
28749	18
28765	18
28768	18
28769	18
28770	18
28771	18
28798	18
28799	18
28800	13
28800	18
28801	13
28801	18
28802	13
28804	18
28805	18
28806	18
28807	18
28808	18
28809	18
28810	18
28811	7
28811	18
28818	18
28839	19
28841	18
28854	18
28855	18
28856	18
28864	18
28877	18
28890	18
28891	18
28892	18
28893	18
28894	18
28895	18
28896	18
28897	18
28898	18
28899	18
28903	18
28904	18
28905	18
28906	18
28907	18
28908	18
28910	18
28911	18
28913	18
28915	18
28916	18
28917	18
28918	18
28919	18
28920	18
28921	18
28922	18
28924	18
28926	18
28927	18
28928	18
28929	18
28932	18
28938	18
28939	18
28940	18
28943	18
28944	18
28945	18
28946	18
28947	18
28949	18
28955	18
28958	18
28967	18
28999	18
29002	18
29016	18
29017	18
29018	18
29057	18
29060	18
29069	18
29070	18
29071	18
29075	18
29079	18
29080	18
29082	18
29083	18
29084	18
29087	18
29088	18
29089	18
29090	18
29091	18
29097	18
29098	18
29099	18
29100	18
29101	18
29102	18
29103	18
29104	18
29105	18
29106	18
29107	18
29108	18
29109	18
29110	18
29111	18
29112	18
29113	18
29114	18
29115	18
29116	18
29117	18
29118	18
29119	18
29120	18
29121	18
29122	18
29123	18
29124	18
29125	18
29126	18
29127	18
29128	18
29129	18
29130	18
29131	18
29132	18
29133	18
29134	18
29138	18
29139	18
29140	18
29141	18
29144	18
29145	18
29146	18
29147	18
29148	18
29149	18
29150	18
29151	18
29152	18
29153	18
29154	18
29155	18
29156	18
29157	18
29158	18
29159	18
29160	18
29161	18
29162	18
29163	18
29164	18
29165	18
29166	18
29167	18
29168	18
29173	18
29176	18
29177	18
29178	18
29179	18
29180	18
29181	18
29182	18
29183	18
29184	18
29185	18
29186	18
29187	18
29188	18
29189	18
29190	18
29191	18
29192	18
29193	18
29194	18
29195	18
29196	18
29197	18
29198	18
29199	18
29200	18
29201	18
29202	18
29203	18
29208	18
29209	18
29210	18
29211	18
29212	18
29213	18
29214	18
29215	18
29216	18
29217	18
29218	18
29219	18
29220	18
29221	18
29222	18
29223	18
29224	18
29225	18
29226	18
29227	18
29228	18
29229	18
29230	18
29231	18
29232	18
29233	18
29234	18
29235	18
29236	18
29237	18
29238	18
29239	18
29240	18
29241	18
29242	18
29243	18
29244	18
29245	18
29247	18
29254	18
29259	18
29260	18
29262	18
29263	18
29266	18
29267	18
29268	18
29269	18
29272	18
29273	18
29274	18
29276	18
29277	18
29278	18
29279	18
29280	18
29281	18
29282	18
29283	18
29284	18
29285	18
29286	18
29288	18
29289	18
29290	18
29291	18
29292	18
29293	18
29294	18
29295	18
29296	18
29297	18
29298	18
29299	18
29302	18
29304	18
29306	18
29307	18
29308	18
29309	18
29310	18
29311	18
29312	18
29313	18
29314	18
29315	18
29316	18
29317	18
29318	18
29319	18
29320	18
29321	18
29322	18
29323	18
29324	18
29325	18
29326	18
29327	18
29328	18
29329	18
29330	18
29331	18
29332	18
29333	18
29334	18
29335	18
29336	18
29337	18
29338	18
29339	18
29340	18
29341	18
29342	18
29343	18
29344	18
29345	18
29346	18
29347	18
29348	18
29349	18
29350	18
29351	18
29352	18
29353	18
29354	18
29355	18
29356	18
29357	18
29358	18
29359	18
29360	18
29361	18
29362	18
29363	18
29364	18
29365	18
29366	18
29367	18
29368	18
29371	18
29372	18
29373	18
29374	18
29375	18
29376	18
29377	18
29378	18
29379	18
29380	18
29381	18
29383	18
29384	18
29385	18
29386	18
29387	18
29388	13
29388	18
29403	18
29404	18
29405	18
29406	18
29407	18
29408	18
29413	18
29414	18
29415	18
29416	18
29418	18
29419	18
29421	18
29422	18
29442	18
29443	18
29456	18
29462	18
29463	18
29464	18
29489	18
29494	18
29504	18
29512	18
29514	18
29516	18
29520	18
29527	18
29539	18
29559	18
29560	18
29563	18
29564	18
29565	18
29566	18
29567	18
29571	18
29579	18
29580	18
29583	18
29589	18
29595	18
29596	18
29600	18
29601	18
29603	18
29605	18
29606	18
29607	18
29620	18
29621	18
29623	18
29624	18
29626	18
29627	18
29629	18
29630	18
29632	18
29640	18
29643	18
29653	18
29658	18
29659	18
29660	18
29697	18
29712	18
29713	18
29714	18
29717	18
29723	18
29726	18
29727	18
29731	18
29732	18
29753	18
29766	18
29767	18
29781	18
29860	18
29877	18
29880	18
29881	18
29895	18
29896	18
29897	18
29907	18
29914	18
29915	18
29918	18
29931	18
30019	13
30042	18
30043	18
30044	18
30045	18
30046	18
30049	18
30050	18
30051	18
30055	18
30059	18
30061	18
30064	10
30064	15
30064	17
30065	15
30065	17
30065	18
30195	13
30195	18
30196	13
30196	18
30209	5
30209	6
30259	16
30295	18
30310	6
30311	6
30312	6
30313	6
30314	6
30359	18
30392	18
31118	10
31736	10
31736	13
31736	18
31737	18
31738	18
31739	18
31740	13
31740	18
31741	18
31742	18
31751	18
31761	13
31762	13
31764	13
31765	13
31766	18
31767	18
31769	18
31776	18
31777	18
31778	18
31779	18
31780	18
31781	18
31782	18
31783	18
31784	18
31795	18
31796	18
31802	18
31804	18
31812	18
31828	18
31829	18
31852	18
31855	18
31856	18
31917	18
31918	18
31921	18
31943	18
31944	18
31945	18
31958	18
31959	18
31960	18
31961	18
31962	18
31963	18
31964	18
31989	18
32007	17
32007	18
32011	18
32033	18
32064	18
32065	18
32071	18
32072	18
32073	18
32093	18
32094	18
32095	18
32104	18
32124	18
32144	18
32185	13
32186	13
32188	18
32204	12
32227	18
32252	13
32280	18
32298	13
32298	18
32299	18
32300	18
32301	18
32302	18
32307	18
32321	18
32325	18
32347	18
32349	18
32350	18
32356	18
32357	18
32359	18
32362	18
32370	18
32371	18
32380	15
32380	17
32407	18
32408	18
32410	18
32412	18
32421	18
32422	18
32426	18
32446	18
32462	9
32463	18
32503	19
32509	18
32513	9
32541	18
32542	18
32548	18
32549	18
32568	18
32638	18
32651	17
32707	18
32708	18
32796	18
32797	18
32798	18
32828	18
32836	18
32885	18
32886	18
32897	18
32898	7
32939	7
32939	18
32941	7
32954	7
32960	18
32961	18
32965	18
32967	18
32971	18
32972	18
32995	18
32996	18
32997	18
32999	18
33003	18
33011	18
33016	18
33033	18
33034	18
33067	18
33147	18
33167	18
33168	18
33170	18
33172	18
33173	18
33174	18
33175	18
33184	18
33185	18
33188	18
33189	18
33190	18
33193	18
33195	18
33196	18
33201	18
33205	18
33218	7
33218	18
33219	7
33219	18
33220	18
33225	18
33245	18
33247	18
33248	18
33277	10
33277	12
33277	15
33277	17
33277	18
33278	9
33278	13
33278	18
33312	18
33339	18
33387	18
33388	18
33488	18
33509	18
33510	18
33607	18
33623	18
33649	10
33649	12
33649	15
33657	18
33658	18
33660	18
33674	18
33675	18
33679	18
33680	18
33681	18
33682	18
33683	18
33684	18
33703	18
33704	18
34017	18
34018	18
34039	18
34040	18
34041	18
34045	18
34050	18
34051	18
34052	18
34053	18
34172	18
34173	18
34174	18
34175	18
34181	18
34182	18
34183	18
34184	18
34357	6
34570	18
34779	18
34781	21
34782	21
34783	21
34784	21
34785	21
34786	21
34787	21
34788	16
34788	21
34789	21
34790	21
34791	21
34792	21
34793	21
34794	21
34795	21
34796	21
34797	21
34798	21
34799	21
34800	21
34801	21
34802	21
34803	21
34804	16
34804	21
34807	16
34807	21
34808	21
34809	16
34811	16
34811	21
34812	21
34945	7
35003	18
35024	18
35025	18
35026	18
35204	18
35969	5
35969	6
36031	7
36058	6
36169	5
36169	6
36202	5
36202	6
36323	18
36404	21
36405	21
36406	21
36407	21
36408	21
36409	21
36411	21
36412	21
36413	21
36414	21
36415	21
36416	21
36417	21
36418	21
36419	21
36420	21
36421	21
36422	21
36423	21
36424	21
36425	21
36426	21
36427	21
36428	21
36429	21
36430	21
36431	21
36432	21
36433	21
36520	7
36521	7
38299	18
38300	18
38301	18
40301	20
40355	20
40356	20
40385	20
40392	20
40393	20
40448	20
40449	20
40464	20
40465	20
40466	20
40467	20
40469	20
40483	20
40520	20
40537	20
40546	20
40550	20
40580	20
